18
18
27
27
63
63
202
221
223
285
180
180
189
189
326
329
220
531
574
686
689
702
713
455
455
482
482
491
491
784
558
558
583
583
914
619
619
936
950
962
976
983
985
1017
698
698
1018
711
731
731
1069
1106
1107
1146
1150
820
820
1152
1155
838
838
1175
1176
1195
874
883
883
910
910
959
959
1296
994
994
1003
1003
1297
1298
1036
1036
1378
1496
1501
1553
1555
1557
1249
1249
1699
1307
1307
1316
1316
1785
1790
1792
1854
1857
1859
1862
1414
1414
1870
1911
1459
1459
1468
1468
1477
1477
1495
1495
1528
1593
1593
1620
1620
1629
1629
1638
1638
1647
1647
1665
1717
1717
1726
1726
1744
1753
1753
1762
1771
1780
1780
1801
1801
1819
1846
1846
1879
1879
1897
1897
1906
1906
1915
1915
1916
1916
1917
1917
1919
1919
1922
1922
1923
1923
1924
1924
1932
1933
1933
1936
1937
1943
1944
1944
1946
1946
1947
1947
1948
1948
1949
1949
1950
1950
1951
1951
1952
1952
1953
1953
1954
1958
1958
1960
1960
1961
1961
1962
1962
1964
1964
1965
1965
1966
1966
1967
1967
1968
1968
1969
1969
1970
1970
1971
1971
1972
1972
1973
1973
1974
1975
1975
1976
1977
1977
1978
1978
1982
1982
1983
1983
1984
1984
1985
1986
1986
1987
1987
1988
1988
1991
1991
1994
1996
1996
1999
1999
2000
2000
2001
2002
2003
2005
2005
2008
2008
2012
2013
2013
2014
2014
2015
2015
2016
2016
2018
2018
2019
2019
2020
2021
2023
2023
2024
2024
2025
2025
2028
2028
2029
2033
2033
2035
2035
2037
2037
2038
2038
2039
2039
2040
2040
2043
2046
2048
2052
2053
2055
2058
2058
2059
2059
2060
2060
2062
2064
2069
2069
2071
2072
2072
2073
2073
2074
2074
2076
2076
2077
2077
2078
2078
2079
2079
2080
2080
2081
2081
2082
2082
2084
2085
2085
2086
2086
2087
2087
2088
2088
2089
2089
2090
2090
2091
2091
2092
2092
2096
2096
2098
2098
2103
2104
2105
2105
2106
2107
2107
2108
2108
2110
2110
2111
2111
2112
2112
2113
2114
2115
2116
2117
2117
2118
2118
2119
2119
2121
2121
2123
2123
2124
2124
2126
2127
2127
2128
2128
2129
2129
2130
2130
2131
2131
2132
2132
2134
2135
2135
2137
2138
2139
2140
2141
2144
2145
2146
2146
2147
2147
2149
2149
2150
2150
2151
2151
2153
2153
2154
2154
2155
2155
2156
2156
2160
2160
2161
2161
2167
2167
2168
2168
2169
2169
2172
2174
2174
2175
2175
2176
2176
2177
2177
2183
2185
2187
2191
2193
2193
2194
2194
2199
2199
2202
2204
2204
2206
2206
2210
2210
2212
2214
2214
2215
2216
2216
2217
2217
2218
2219
2219
2220
2223
2223
2225
2225
2226
2226
2227
2228
2229
2229
2230
2230
2234
2237
2238
2238
2239
2241
2241
2243
2245
2245
2249
2251
2254
2255
2255
2256
2256
2257
2258
2258
2261
2263
2264
2264
2265
2265
2266
2267
2268
2270
2270
2271
2273
2274
2276
2277
2278
2278
2280
2280
2281
2281
2284
2284
2285
2285
2287
2289
2291
2291
2293
2293
2294
2294
2297
2299
2299
2300
2301
2301
2303
2303
2305
2306
2306
2308
2308
2310
2310
2311
2313
2316
2316
2320
2321
2321
2323
2324
2324
2326
2327
2329
2330
2330
2331
2331
2333
2337
2341
2341
2343
2343
2344
2344
2345
2345
2346
2346
2348
2349
2350
2351
2351
2355
2355
2356
2356
2358
2359
2359
2360
2360
2367
2367
2368
2368
2371
2372
2372
2373
2373
2377
2381
2381
2382
2384
2386
2392
2392
2395
2396
2396
2397
2397
2399
2399
2401
2402
2403
2404
2404
2405
2405
2406
2411
2411
2412
2412
2414
2414
2415
2415
2418
2419
2419
2423
2423
2424
2425
2426
2427
2427
2429
2429
2431
2432
2435
2436
2438
2438
2440
2440
2441
2442
2444
2445
2445
2446
2446
2447
2447
2448
2448
2451
2451
2455
2456
2456
2459
2462
2466
2467
2471
2471
2473
2473
2474
2474
2479
2479
2480
2480
2481
2482
2482
2483
2483
2484
2484
2485
2486
2486
2488
2488
2489
2490
2490
2498
2498
2499
2502
2503
2503
2504
2505
2505
2510
2511
2511
2512
2512
2515
2515
2516
2516
2518
2519
2519
2520
2523
2523
2524
2524
2530
2530
2535
2535
2537
2538
2540
2541
2541
2542
2544
2544
2545
2545
2549
2549
2552
2552
2553
2553
2554
2555
2555
2563
2564
2564
2566
2567
2569
2569
2573
2573
2574
2578
2580
2581
2581
2582
2582
2584
2584
2585
2585
2588
2589
2589
2590
2591
2591
2594
2594
2595
2595
2597
2598
2598
2599
2600
2600
2602
2602
2603
2603
2604
2604
2605
2605
2606
2606
2607
2607
2608
2611
2611
2614
2614
2615
2615
2620
2620
2622
2622
2628
2630
2630
2633
2633
2634
2634
2635
2636
2636
2637
2637
2640
2640
2644
2644
2645
2646
2646
2648
2649
2649
2650
2650
2651
2651
2652
2652
2653
2653
2654
2654
2655
2656
2656
2659
2659
2663
2663
2665
2665
2666
2666
2667
2667
2669
2669
2670
2672
2672
2673
2674
2677
2677
2679
2680
2682
2682
2683
2683
2684
2685
2685
2686
2686
2689
2689
2690
2690
2691
2694
2695
2695
2696
2698
2698
2701
2701
2703
2703
2704
2704
2705
2705
2706
2706
2707
2712
2712
2713
2713
2716
2718
2721
2721
2722
2725
2726
2730
2730
2734
2734
2737
2737
2738
2738
2739
2741
2742
2743
2744
2744
2748
2750
2750
2751
2751
2753
2753
2754
2754
2755
2755
2757
2757
2758
2758
2759
2759
2760
2763
2763
2765
2768
2768
2769
2770
2770
2772
2772
2773
2773
2774
2775
2775
2777
2778
2782
2782
2784
2784
2785
2785
2787
2788
2789
2789
2791
2792
2793
2793
2794
2796
2796
2798
2798
2799
2799
2802
2802
2803
2803
2804
2805
2806
2806
2808
2808
2809
2809
2811
2813
2815
2815
2816
2817
2817
2818
2818
2819
2819
2820
2821
2821
2824
2824
2825
2828
2828
2829
2829
2830
2830
2831
2832
2832
2833
2833
2834
2834
2835
2835
2836
2836
2839
2839
2840
2840
2841
2841
2842
2842
2846
2846
2847
2848
2848
2849
2851
2851
2852
2852
2853
2853
2856
2856
2858
2858
2860
2861
2861
2862
2862
2863
2863
2864
2864
2865
2865
2868
2869
2869
2871
2874
2875
2875
2876
2879
2879
2880
2881
2883
2883
2884
2884
2885
2885
2886
2886
2887
2889
2889
2890
2890
2891
2892
2892
2893
2893
2895
2895
2896
2896
2897
2897
2898
2900
2900
2901
2902
2902
2903
2903
2905
2906
2906
2907
2908
2908
2912
2912
2913
2913
2914
2916
2916
2918
2918
2920
2920
2922
2922
2923
2923
2925
2925
2929
2929
2930
2930
2931
2931
2932
2932
2933
2934
2935
2935
2937
2937
2938
2938
2939
2939
2940
2940
2942
2942
2944
2944
2945
2946
2948
2950
2950
2951
2951
2952
2953
2954
2954
2955
2955
2956
2956
2957
2957
2958
2958
2959
2959
2960
2960
2961
2962
2962
2963
2963
2964
2965
2965
2966
2966
2967
2968
2968
2969
2970
2970
2971
2973
2976
2977
2977
2978
2981
2982
2982
2983
2984
2984
2985
2985
2986
2986
2987
2987
2988
2988
2989
2989
2990
2990
2992
2993
2994
2994
2995
2995
2996
2997
2997
2998
2998
3001
3004
3005
3005
3006
3006
3008
3008
3009
3010
3010
3013
3013
3014
3014
3015
3016
3016
3017
3018
3019
3019
3020
3020
3021
3021
3022
3022
3024
3024
3025
3025
3026
3026
3027
3028
3028
3029
3029
3031
3031
3032
3033
3033
3034
3034
3035
3035
3037
3037
3038
3038
3039
3040
3040
3041
3041
3042
3042
3043
3043
3044
3044
3046
3046
3047
3047
3049
3050
3051
3051
3052
3052
3053
3053
3054
3054
3055
3056
3056
3057
3057
3058
3058
3059
3059
3060
3060
3061
3062
3062
3063
3063
3064
3065
3065
3066
3066
3067
3067
3068
3068
3069
3069
3071
3071
3072
3072
3073
3073
3074
3074
3075
3076
3076
3077
3077
3078
3079
3079
3080
3080
3081
