0 1
1 2
2 3
3 4
4 5
5 6
6 7
7 8
8 9
7 10
10 11
9 12
12 13
13 14
14 15
9 16
16 17
17 18
18 19
11 20
20 21
21 22
22 23
11 24
24 25
25 26
26 27
15 28
28 29
29 30
30 31
15 32
32 33
33 34
34 35
19 36
36 37
37 38
38 39
19 40
40 41
27 42
42 43
43 44
44 45
27 46
46 47
47 48
48 49
31 50
50 51
51 52
52 53
31 54
54 55
55 56
56 57
35 58
58 59
35 60
60 61
61 62
62 63
39 64
39 65
45 66
66 67
67 68
68 69
45 70
70 71
71 72
72 73
49 74
74 75
75 76
76 77
49 78
78 79
79 80
80 81
53 82
82 83
83 84
84 85
53 86
86 87
87 88
88 89
57 90
90 91
91 92
92 93
57 94
94 95
95 96
96 97
63 98
63 99
69 100
100 101
101 102
102 103
69 104
104 105
105 106
106 107
73 108
108 109
109 110
110 111
73 112
112 113
113 114
114 115
77 116
116 117
117 118
77 119
119 120
120 121
121 122
81 123
123 124
81 125
125 126
85 127
127 128
128 129
129 130
85 131
131 132
132 133
133 134
89 135
135 136
136 137
137 138
89 139
139 140
140 141
141 142
93 143
143 144
144 145
145 146
93 147
147 148
148 149
149 150
103 151
151 152
152 153
103 154
154 155
155 156
156 157
107 158
158 159
159 160
160 161
107 162
162 163
163 164
164 165
111 166
166 167
167 168
168 169
111 170
170 171
171 172
172 173
115 174
115 175
122 176
122 177
177 178
178 179
179 180
130 181
181 182
182 183
183 184
130 185
185 186
186 187
187 188
134 189
189 190
190 191
191 192
134 193
193 194
194 195
195 196
138 197
197 198
198 199
199 200
138 201
201 202
142 203
203 204
204 205
205 206
142 207
207 208
146 209
209 210
210 211
211 212
146 213
213 214
214 215
215 216
150 217
217 218
218 219
219 220
150 221
221 222
222 223
223 224
157 225
225 226
226 227
227 228
157 229
229 230
230 231
231 232
161 233
233 234
234 235
235 236
161 237
237 238
238 239
239 240
165 241
241 242
165 243
243 244
244 245
245 246
180 247
247 248
180 249
184 250
250 251
251 252
252 253
184 254
254 255
255 256
256 257
188 258
258 259
259 260
260 261
188 262
262 263
263 264
264 265
192 266
266 267
267 268
268 269
192 270
270 271
271 272
272 273
200 274
206 275
275 276
276 277
277 278
212 279
279 280
280 281
281 282
212 283
283 284
284 285
285 286
216 287
220 288
288 289
289 290
290 291
220 292
292 293
293 294
294 295
224 296
296 297
297 298
298 299
224 300
300 301
301 302
302 303
228 304
304 305
305 306
306 307
228 308
308 309
309 310
310 311
232 312
312 313
313 314
314 315
232 316
316 317
317 318
318 319
253 320
320 321
321 322
322 323
253 324
324 325
325 326
326 327
257 328
328 329
329 330
330 331
257 332
332 333
333 334
334 335
261 336
336 337
337 338
338 339
261 340
340 341
341 342
342 343
265 344
344 345
345 346
346 347
273 348
348 349
349 350
350 351
273 352
352 353
353 354
354 355
278 356
356 357
357 358
358 359
278 360
360 361
361 362
362 363
282 364
364 365
365 366
366 367
282 368
368 369
369 370
370 371
286 372
372 373
373 374
374 375
291 376
376 377
377 378
378 379
291 380
380 381
381 382
382 383
295 384
384 385
385 386
386 387
295 388
299 389
307 390
390 391
391 392
392 393
307 394
394 395
395 396
396 397
315 398
398 399
399 400
400 401
315 402
402 403
403 404
404 405
323 406
406 407
407 408
408 409
323 410
410 411
411 412
331 413
413 414
414 415
415 416
331 417
417 418
335 419
335 420
420 421
421 422
422 423
339 424
424 425
425 426
426 427
339 428
428 429
429 430
430 431
343 432
432 433
433 434
434 435
343 436
436 437
437 438
438 439
351 440
440 441
441 442
442 443
351 444
444 445
445 446
446 447
355 448
448 449
449 450
355 451
451 452
452 453
453 454
359 455
455 456
456 457
457 458
363 459
459 460
460 461
461 462
363 463
463 464
464 465
465 466
367 467
467 468
468 469
469 470
367 471
471 472
472 473
473 474
371 475
475 476
476 477
477 478
371 479
479 480
480 481
481 482
375 483
483 484
484 485
485 486
375 487
487 488
379 489
489 490
490 491
491 492
379 493
493 494
494 495
495 496
383 497
497 498
498 499
499 500
383 501
501 502
502 503
503 504
393 505
505 506
506 507
507 508
393 509
509 510
510 511
511 512
397 513
401 514
514 515
515 516
516 517
401 518
518 519
519 520
520 521
409 522
522 523
523 524
524 525
409 526
526 527
527 528
528 529
416 530
530 531
531 532
532 533
416 534
534 535
535 536
536 537
423 538
538 539
539 540
540 541
423 542
542 543
543 544
544 545
427 546
546 547
547 548
548 549
427 550
431 551
551 552
552 553
553 554
431 555
555 556
556 557
557 558
443 559
559 560
560 561
561 562
443 563
563 564
564 565
565 566
447 567
567 568
568 569
569 570
458 571
462 572
572 573
573 574
574 575
462 576
576 577
577 578
578 579
470 580
470 581
581 582
478 583
583 584
584 585
585 586
478 587
587 588
588 589
589 590
486 591
486 592
492 593
593 594
594 595
595 596
492 597
597 598
598 599
599 600
496 601
601 602
602 603
603 604
496 605
605 606
500 607
607 608
608 609
609 610
500 611
611 612
612 613
613 614
504 615
504 616
616 617
617 618
618 619
508 620
620 621
621 622
622 623
508 624
624 625
625 626
626 627
512 628
628 629
629 630
512 631
631 632
632 633
633 634
517 635
635 636
517 637
521 638
638 639
639 640
640 641
521 642
642 643
643 644
644 645
525 646
646 647
647 648
648 649
525 650
650 651
651 652
652 653
529 654
654 655
529 656
656 657
657 658
658 659
533 660
660 661
661 662
662 663
533 664
664 665
665 666
666 667
537 668
668 669
669 670
670 671
541 672
541 673
673 674
674 675
545 676
676 677
677 678
678 679
545 680
680 681
681 682
682 683
554 684
684 685
685 686
686 687
554 688
688 689
689 690
558 691
691 692
692 693
693 694
558 695
695 696
696 697
562 698
562 699
699 700
700 701
701 702
566 703
703 704
704 705
566 706
706 707
570 708
708 709
709 710
710 711
570 712
712 713
575 714
714 715
715 716
716 717
575 718
718 719
719 720
720 721
586 722
722 723
586 724
724 725
725 726
590 727
727 728
728 729
729 730
590 731
731 732
732 733
733 734
596 735
735 736
736 737
737 738
596 739
739 740
740 741
741 742
600 743
743 744
744 745
745 746
600 747
747 748
748 749
749 750
604 751
751 752
752 753
753 754
604 755
755 756
756 757
757 758
610 759
759 760
760 761
761 762
610 763
763 764
764 765
765 766
614 767
767 768
614 769
769 770
623 771
771 772
623 773
773 774
774 775
775 776
627 777
777 778
627 779
779 780
641 781
781 782
782 783
783 784
641 785
785 786
786 787
649 788
788 789
789 790
790 791
649 792
792 793
793 794
794 795
653 796
796 797
797 798
798 799
653 800
800 801
801 802
802 803
659 804
663 805
805 806
806 807
807 808
663 809
809 810
810 811
811 812
667 813
813 814
814 815
815 816
667 817
817 818
818 819
819 820
671 821
821 822
671 823
823 824
679 825
825 826
826 827
827 828
679 829
829 830
687 831
831 832
832 833
833 834
687 835
694 836
836 837
837 838
838 839
694 840
840 841
841 842
842 843
702 844
844 845
845 846
846 847
702 848
848 849
849 850
850 851
711 852
852 853
853 854
854 855
711 856
717 857
857 858
858 859
859 860
721 861
861 862
862 863
721 864
864 865
865 866
730 867
867 868
868 869
869 870
730 871
871 872
872 873
873 874
734 875
875 876
876 877
877 878
734 879
879 880
880 881
881 882
742 883
746 884
884 885
746 886
886 887
750 888
888 889
889 890
750 891
891 892
892 893
893 894
754 895
895 896
896 897
897 898
754 899
899 900
900 901
901 902
758 903
903 904
904 905
905 906
758 907
907 908
908 909
762 910
910 911
911 912
912 913
762 914
914 915
915 916
916 917
766 918
766 919
919 920
920 921
921 922
776 923
923 924
924 925
925 926
776 927
927 928
928 929
929 930
791 931
931 932
791 933
933 934
934 935
795 936
795 937
803 938
938 939
939 940
940 941
803 942
942 943
943 944
944 945
808 946
946 947
947 948
948 949
808 950
950 951
951 952
952 953
812 954
954 955
955 956
956 957
812 958
958 959
959 960
960 961
816 962
962 963
963 964
964 965
816 966
966 967
967 968
968 969
820 970
970 971
971 972
972 973
820 974
828 975
828 976
839 977
977 978
978 979
843 980
843 981
847 982
982 983
983 984
984 985
847 986
986 987
987 988
851 989
989 990
990 991
991 992
851 993
993 994
994 995
995 996
860 997
997 998
998 999
999 1000
860 1001
1001 1002
1002 1003
1003 1004
870 1005
1005 1006
1006 1007
1007 1008
878 1009
1009 1010
1010 1011
1011 1012
878 1013
1013 1014
1014 1015
1015 1016
882 1017
1017 1018
1018 1019
1019 1020
882 1021
1021 1022
1022 1023
1023 1024
894 1025
1025 1026
1026 1027
894 1028
898 1029
1029 1030
1030 1031
1031 1032
898 1033
1033 1034
1034 1035
902 1036
906 1037
906 1038
917 1039
1039 1040
1040 1041
1041 1042
917 1043
1043 1044
1044 1045
1045 1046
922 1047
1047 1048
922 1049
926 1050
1050 1051
1051 1052
1052 1053
926 1054
1054 1055
1055 1056
1056 1057
930 1058
941 1059
1059 1060
1060 1061
941 1062
1062 1063
945 1064
1064 1065
1065 1066
1066 1067
945 1068
1068 1069
1069 1070
1070 1071
949 1072
949 1073
1073 1074
1074 1075
1075 1076
953 1077
1077 1078
1078 1079
1079 1080
953 1081
1081 1082
1082 1083
1083 1084
957 1085
1085 1086
1086 1087
957 1088
961 1089
1089 1090
1090 1091
1091 1092
961 1093
1093 1094
1094 1095
1095 1096
965 1097
1097 1098
1098 1099
965 1100
1100 1101
1101 1102
969 1103
1103 1104
1104 1105
1105 1106
969 1107
1107 1108
985 1109
1109 1110
1110 1111
1111 1112
985 1113
1113 1114
1114 1115
1115 1116
992 1117
1117 1118
1118 1119
1119 1120
992 1121
1121 1122
1122 1123
1123 1124
996 1125
1125 1126
1126 1127
1127 1128
996 1129
1000 1130
1130 1131
1131 1132
1132 1133
1000 1134
1134 1135
1135 1136
1136 1137
1004 1138
1138 1139
1139 1140
1140 1141
1004 1142
1142 1143
1143 1144
1008 1145
1145 1146
1146 1147
1147 1148
1008 1149
1149 1150
1150 1151
1151 1152
1012 1153
1153 1154
1154 1155
1155 1156
1012 1157
1016 1158
1158 1159
1159 1160
1160 1161
1016 1162
1162 1163
1163 1164
1164 1165
1024 1166
1166 1167
1167 1168
1024 1169
1169 1170
1170 1171
1032 1172
1172 1173
1032 1174
1174 1175
1175 1176
1176 1177
1042 1178
1042 1179
1053 1180
1180 1181
1181 1182
1182 1183
1053 1184
1184 1185
1057 1186
1186 1187
1187 1188
1188 1189
1057 1190
1190 1191
1191 1192
1192 1193
1067 1194
1194 1195
1195 1196
1196 1197
1067 1198
1071 1199
1071 1200
1076 1201
1201 1202
1202 1203
1203 1204
1076 1205
1205 1206
1206 1207
1207 1208
1080 1209
1209 1210
1210 1211
1211 1212
1080 1213
1213 1214
1214 1215
1215 1216
1092 1217
1217 1218
1218 1219
1219 1220
1112 1221
1221 1222
1222 1223
1223 1224
1112 1225
1225 1226
1226 1227
1227 1228
1116 1229
1229 1230
1230 1231
1231 1232
1116 1233
1124 1234
1234 1235
1235 1236
1236 1237
1124 1238
1238 1239
1239 1240
1240 1241
1128 1242
1242 1243
1128 1244
1244 1245
1133 1246
1246 1247
1247 1248
1248 1249
1133 1250
1250 1251
1251 1252
1252 1253
1148 1254
1254 1255
1255 1256
1256 1257
1148 1258
1258 1259
1259 1260
1260 1261
1152 1262
1262 1263
1263 1264
1264 1265
1152 1266
1266 1267
1267 1268
1268 1269
1156 1270
1270 1271
1271 1272
1272 1273
1156 1274
1274 1275
1275 1276
1276 1277
1161 1278
1278 1279
1279 1280
1280 1281
1161 1282
1282 1283
1283 1284
1284 1285
1165 1286
1286 1287
1287 1288
1288 1289
1165 1290
1290 1291
1291 1292
1177 1293
1293 1294
1294 1295
1295 1296
1177 1297
1297 1298
1298 1299
1299 1300
1183 1301
1301 1302
1302 1303
1183 1304
1304 1305
1305 1306
1306 1307
1189 1308
1193 1309
1309 1310
1310 1311
1311 1312
1193 1313
1313 1314
1314 1315
