0 1
1 2
2 3
3 4
4 5
5 6
6 7
7 8
7 9
8 10
10 11
11 12
12 13
13 14
14 15
15 16
16 17
17 18
8 19
19 20
20 21
21 22
22 23
23 24
24 25
25 26
26 27
9 28
28 29
29 30
30 31
31 32
32 33
33 34
34 35
35 36
9 37
37 38
38 39
39 40
40 41
41 42
42 43
43 44
44 45
36 46
46 47
47 48
48 49
49 50
50 51
51 52
52 53
53 54
36 55
55 56
56 57
57 58
58 59
59 60
60 61
61 62
62 63
45 64
64 65
65 66
66 67
67 68
68 69
69 70
70 71
71 72
45 73
73 74
74 75
75 76
76 77
77 78
78 79
79 80
80 81
54 82
82 83
83 84
84 85
85 86
86 87
87 88
88 89
89 90
54 91
91 92
92 93
93 94
94 95
95 96
96 97
97 98
98 99
72 100
100 101
101 102
102 103
103 104
104 105
105 106
106 107
107 108
72 109
109 110
110 111
111 112
112 113
113 114
114 115
115 116
116 117
81 118
118 119
119 120
120 121
121 122
122 123
123 124
124 125
125 126
81 127
127 128
128 129
129 130
130 131
131 132
132 133
133 134
134 135
90 136
136 137
137 138
138 139
139 140
140 141
141 142
142 143
143 144
90 145
145 146
146 147
147 148
148 149
149 150
150 151
151 152
152 153
99 154
154 155
155 156
156 157
157 158
158 159
159 160
160 161
161 162
99 163
163 164
164 165
165 166
166 167
167 168
168 169
169 170
170 171
108 172
172 173
173 174
174 175
175 176
176 177
177 178
178 179
179 180
108 181
181 182
182 183
183 184
184 185
185 186
186 187
187 188
188 189
117 190
190 191
191 192
192 193
193 194
194 195
195 196
196 197
197 198
117 199
199 200
200 201
201 202
126 203
203 204
204 205
205 206
206 207
207 208
208 209
209 210
210 211
126 212
212 213
213 214
214 215
215 216
216 217
217 218
218 219
219 220
135 221
135 222
222 223
144 224
224 225
225 226
226 227
227 228
228 229
229 230
230 231
231 232
144 233
233 234
234 235
235 236
236 237
237 238
238 239
239 240
240 241
153 242
242 243
243 244
244 245
245 246
246 247
247 248
248 249
249 250
153 251
251 252
252 253
253 254
254 255
255 256
256 257
257 258
258 259
162 260
260 261
261 262
262 263
263 264
264 265
265 266
266 267
267 268
162 269
269 270
270 271
271 272
272 273
273 274
274 275
275 276
276 277
171 278
278 279
279 280
280 281
281 282
282 283
283 284
284 285
171 286
286 287
287 288
288 289
289 290
290 291
291 292
292 293
293 294
198 295
295 296
296 297
297 298
298 299
299 300
300 301
301 302
302 303
198 304
304 305
305 306
306 307
307 308
308 309
309 310
310 311
311 312
211 313
313 314
314 315
315 316
316 317
317 318
318 319
319 320
320 321
211 322
322 323
323 324
324 325
325 326
220 327
327 328
328 329
232 330
330 331
331 332
332 333
333 334
334 335
335 336
336 337
337 338
232 339
339 340
340 341
341 342
342 343
343 344
344 345
345 346
346 347
241 348
348 349
349 350
350 351
351 352
352 353
353 354
354 355
355 356
241 357
357 358
358 359
359 360
360 361
361 362
362 363
363 364
364 365
250 366
366 367
367 368
368 369
369 370
370 371
371 372
372 373
373 374
250 375
375 376
376 377
377 378
378 379
379 380
380 381
381 382
382 383
259 384
384 385
385 386
386 387
387 388
388 389
389 390
390 391
391 392
259 393
393 394
394 395
395 396
396 397
397 398
398 399
399 400
400 401
268 402
402 403
403 404
404 405
405 406
406 407
407 408
408 409
409 410
268 411
411 412
412 413
413 414
414 415
415 416
416 417
417 418
418 419
277 420
420 421
421 422
422 423
423 424
424 425
425 426
426 427
427 428
277 429
429 430
430 431
431 432
432 433
433 434
434 435
435 436
436 437
294 438
438 439
439 440
440 441
441 442
442 443
443 444
444 445
445 446
294 447
447 448
448 449
449 450
450 451
451 452
452 453
453 454
454 455
303 456
456 457
457 458
458 459
459 460
460 461
461 462
462 463
463 464
303 465
465 466
466 467
467 468
468 469
469 470
470 471
471 472
472 473
312 474
474 475
475 476
476 477
477 478
478 479
479 480
480 481
481 482
312 483
483 484
484 485
485 486
486 487
487 488
488 489
489 490
490 491
321 492
492 493
493 494
494 495
495 496
496 497
497 498
498 499
499 500
321 501
501 502
502 503
503 504
504 505
505 506
506 507
507 508
508 509
338 510
510 511
511 512
512 513
513 514
514 515
515 516
516 517
517 518
338 519
519 520
520 521
521 522
522 523
523 524
524 525
525 526
526 527
347 528
528 529
529 530
530 531
347 532
532 533
533 534
534 535
535 536
536 537
537 538
538 539
539 540
356 541
541 542
542 543
543 544
544 545
545 546
546 547
547 548
548 549
356 550
550 551
551 552
552 553
553 554
554 555
555 556
556 557
557 558
365 559
559 560
560 561
561 562
562 563
563 564
564 565
565 566
566 567
365 568
568 569
569 570
570 571
571 572
572 573
573 574
374 575
575 576
576 577
577 578
578 579
579 580
580 581
581 582
582 583
374 584
584 585
585 586
586 587
587 588
588 589
589 590
590 591
591 592
383 593
593 594
594 595
595 596
596 597
597 598
598 599
599 600
600 601
383 602
602 603
603 604
604 605
605 606
606 607
607 608
608 609
609 610
392 611
611 612
612 613
613 614
614 615
615 616
616 617
617 618
618 619
392 620
620 621
621 622
622 623
623 624
624 625
625 626
626 627
627 628
401 629
629 630
630 631
631 632
632 633
633 634
634 635
635 636
636 637
401 638
638 639
639 640
640 641
641 642
642 643
643 644
644 645
645 646
410 647
647 648
648 649
649 650
650 651
651 652
652 653
653 654
654 655
410 656
656 657
657 658
658 659
659 660
660 661
661 662
662 663
663 664
419 665
665 666
666 667
667 668
668 669
669 670
670 671
671 672
672 673
419 674
674 675
675 676
676 677
677 678
678 679
679 680
680 681
681 682
428 683
683 684
684 685
685 686
428 687
687 688
688 689
437 690
690 691
691 692
692 693
693 694
694 695
695 696
696 697
697 698
437 699
699 700
700 701
701 702
446 703
703 704
704 705
705 706
706 707
707 708
708 709
709 710
710 711
446 712
712 713
464 714
714 715
715 716
716 717
717 718
718 719
719 720
720 721
721 722
464 723
723 724
724 725
725 726
726 727
727 728
728 729
729 730
730 731
473 732
732 733
733 734
734 735
735 736
736 737
737 738
738 739
739 740
473 741
741 742
742 743
743 744
744 745
745 746
746 747
747 748
748 749
500 750
750 751
751 752
752 753
753 754
754 755
755 756
756 757
757 758
500 759
759 760
760 761
761 762
762 763
763 764
764 765
765 766
766 767
509 768
768 769
769 770
770 771
771 772
772 773
773 774
774 775
775 776
509 777
777 778
778 779
779 780
780 781
781 782
782 783
783 784
518 785
785 786
786 787
787 788
788 789
789 790
790 791
791 792
792 793
518 794
794 795
795 796
796 797
797 798
798 799
799 800
800 801
801 802
527 803
803 804
804 805
805 806
806 807
807 808
808 809
809 810
810 811
527 812
812 813
813 814
814 815
815 816
816 817
817 818
818 819
819 820
540 821
821 822
822 823
823 824
824 825
825 826
826 827
827 828
828 829
540 830
830 831
831 832
832 833
833 834
834 835
835 836
836 837
837 838
549 839
839 840
840 841
841 842
842 843
843 844
844 845
845 846
846 847
549 848
848 849
849 850
850 851
851 852
852 853
853 854
854 855
855 856
567 857
857 858
858 859
859 860
860 861
861 862
862 863
863 864
864 865
567 866
866 867
867 868
868 869
869 870
870 871
871 872
872 873
873 874
592 875
875 876
876 877
877 878
878 879
879 880
880 881
881 882
882 883
592 884
884 885
885 886
886 887
887 888
888 889
889 890
890 891
891 892
601 893
893 894
894 895
895 896
896 897
897 898
898 899
899 900
900 901
601 902
902 903
903 904
904 905
905 906
906 907
907 908
908 909
909 910
610 911
911 912
912 913
913 914
610 915
915 916
916 917
917 918
918 919
919 920
920 921
921 922
922 923
628 924
924 925
925 926
926 927
927 928
928 929
929 930
930 931
931 932
628 933
933 934
934 935
935 936
637 937
937 938
938 939
939 940
940 941
941 942
942 943
943 944
944 945
637 946
946 947
947 948
948 949
949 950
646 951
951 952
952 953
953 954
954 955
955 956
956 957
957 958
958 959
646 960
960 961
961 962
655 963
963 964
964 965
965 966
966 967
967 968
968 969
969 970
970 971
655 972
972 973
973 974
974 975
975 976
664 977
977 978
978 979
979 980
980 981
981 982
982 983
664 984
984 985
673 986
986 987
987 988
988 989
989 990
990 991
991 992
992 993
993 994
673 995
995 996
996 997
997 998
998 999
999 1000
1000 1001
1001 1002
1002 1003
682 1004
1004 1005
1005 1006
1006 1007
1007 1008
1008 1009
1009 1010
1010 1011
1011 1012
682 1013
1013 1014
1014 1015
1015 1016
1016 1017
711 1018
722 1019
1019 1020
1020 1021
1021 1022
1022 1023
1023 1024
1024 1025
1025 1026
1026 1027
722 1028
1028 1029
1029 1030
1030 1031
1031 1032
1032 1033
1033 1034
1034 1035
1035 1036
740 1037
1037 1038
1038 1039
1039 1040
1040 1041
1041 1042
1042 1043
1043 1044
1044 1045
740 1046
1046 1047
1047 1048
1048 1049
1049 1050
1050 1051
1051 1052
1052 1053
1053 1054
749 1055
1055 1056
1056 1057
1057 1058
1058 1059
1059 1060
1060 1061
1061 1062
1062 1063
749 1064
1064 1065
1065 1066
1066 1067
1067 1068
1068 1069
758 1070
1070 1071
1071 1072
1072 1073
1073 1074
1074 1075
1075 1076
1076 1077
1077 1078
758 1079
1079 1080
1080 1081
1081 1082
1082 1083
1083 1084
1084 1085
1085 1086
1086 1087
767 1088
1088 1089
1089 1090
1090 1091
1091 1092
1092 1093
1093 1094
1094 1095
1095 1096
767 1097
1097 1098
1098 1099
1099 1100
1100 1101
1101 1102
1102 1103
1103 1104
1104 1105
776 1106
776 1107
793 1108
1108 1109
1109 1110
1110 1111
1111 1112
1112 1113
1113 1114
1114 1115
1115 1116
793 1117
1117 1118
1118 1119
1119 1120
1120 1121
1121 1122
1122 1123
1123 1124
1124 1125
802 1126
1126 1127
1127 1128
1128 1129
1129 1130
1130 1131
1131 1132
1132 1133
1133 1134
802 1135
1135 1136
1136 1137
1137 1138
1138 1139
1139 1140
1140 1141
1141 1142
1142 1143
811 1144
1144 1145
1145 1146
811 1147
1147 1148
1148 1149
1149 1150
829 1151
1151 1152
829 1153
1153 1154
1154 1155
847 1156
1156 1157
1157 1158
1158 1159
1159 1160
1160 1161
1161 1162
1162 1163
1163 1164
847 1165
1165 1166
1166 1167
1167 1168
1168 1169
1169 1170
1170 1171
1171 1172
1172 1173
856 1174
1174 1175
856 1176
865 1177
1177 1178
1178 1179
1179 1180
1180 1181
1181 1182
1182 1183
1183 1184
1184 1185
865 1186
1186 1187
1187 1188
1188 1189
1189 1190
1190 1191
1191 1192
1192 1193
1193 1194
874 1195
892 1196
1196 1197
1197 1198
1198 1199
1199 1200
1200 1201
1201 1202
1202 1203
1203 1204
892 1205
1205 1206
1206 1207
1207 1208
1208 1209
1209 1210
1210 1211
1211 1212
1212 1213
901 1214
1214 1215
1215 1216
1216 1217
1217 1218
1218 1219
1219 1220
1220 1221
1221 1222
901 1223
1223 1224
1224 1225
1225 1226
1226 1227
1227 1228
1228 1229
1229 1230
1230 1231
923 1232
1232 1233
1233 1234
1234 1235
1235 1236
1236 1237
1237 1238
1238 1239
1239 1240
923 1241
1241 1242
1242 1243
1243 1244
1244 1245
1245 1246
1246 1247
1247 1248
1248 1249
932 1250
1250 1251
1251 1252
1252 1253
1253 1254
1254 1255
1255 1256
1256 1257
1257 1258
932 1259
1259 1260
1260 1261
1261 1262
1262 1263
1263 1264
1264 1265
1265 1266
1266 1267
945 1268
1268 1269
1269 1270
1270 1271
1271 1272
1272 1273
1273 1274
1274 1275
1275 1276
945 1277
1277 1278
1278 1279
1279 1280
1280 1281
1281 1282
1282 1283
1283 1284
1284 1285
971 1286
1286 1287
1287 1288
1288 1289
1289 1290
1290 1291
1291 1292
1292 1293
1293 1294
971 1295
1295 1296
1012 1297
1012 1298
1027 1299
1299 1300
1300 1301
1301 1302
1302 1303
1303 1304
1304 1305
1305 1306
1306 1307
1027 1308
1308 1309
1309 1310
1310 1311
1311 1312
1312 1313
1313 1314
1314 1315
1315 1316
1045 1317
1317 1318
1318 1319
1319 1320
1320 1321
1321 1322
1322 1323
1323 1324
1324 1325
1045 1326
1326 1327
1327 1328
1328 1329
1329 1330
1330 1331
1331 1332
1332 1333
1333 1334
1054 1335
1335 1336
1336 1337
1337 1338
1338 1339
1339 1340
1340 1341
1341 1342
1342 1343
1054 1344
1344 1345
1345 1346
1346 1347
1347 1348
1348 1349
1349 1350
1350 1351
1351 1352
1063 1353
1353 1354
1354 1355
1355 1356
1356 1357
1357 1358
1358 1359
1359 1360
1360 1361
1063 1362
1362 1363
1363 1364
1364 1365
1365 1366
1366 1367
1367 1368
1368 1369
1369 1370
1078 1371
1371 1372
1372 1373
1373 1374
1374 1375
1375 1376
1376 1377
1377 1378
1078 1379
1379 1380
1380 1381
1381 1382
1382 1383
1383 1384
1384 1385
1385 1386
1386 1387
1087 1388
1388 1389
1389 1390
1390 1391
1391 1392
1392 1393
1393 1394
1394 1395
1395 1396
1087 1397
1397 1398
1398 1399
1399 1400
1400 1401
1401 1402
1402 1403
1403 1404
1404 1405
1096 1406
1406 1407
1407 1408
1408 1409
1409 1410
1410 1411
1411 1412
1412 1413
1413 1414
1096 1415
1415 1416
1416 1417
1417 1418
1418 1419
1419 1420
1420 1421
1421 1422
1422 1423
1105 1424
1424 1425
1425 1426
1426 1427
1427 1428
1428 1429
1429 1430
1430 1431
1431 1432
1105 1433
1433 1434
1434 1435
1435 1436
1436 1437
1437 1438
1438 1439
1439 1440
1440 1441
1116 1442
1442 1443
1443 1444
1444 1445
1445 1446
1446 1447
1447 1448
1448 1449
1449 1450
1116 1451
1451 1452
1452 1453
1453 1454
1454 1455
1455 1456
1456 1457
1457 1458
1458 1459
1125 1460
1460 1461
1461 1462
1462 1463
1463 1464
1464 1465
1465 1466
1466 1467
1467 1468
1125 1469
1469 1470
1470 1471
1471 1472
1472 1473
1473 1474
1474 1475
1475 1476
1476 1477
1134 1478
1478 1479
1479 1480
1480 1481
1481 1482
1482 1483
1483 1484
1484 1485
1485 1486
1134 1487
1487 1488
1488 1489
1489 1490
1490 1491
1491 1492
1492 1493
1493 1494
1494 1495
1143 1496
1143 1497
1497 1498
1498 1499
1499 1500
1500 1501
1164 1502
1502 1503
1503 1504
1504 1505
1505 1506
1506 1507
1507 1508
1508 1509
1509 1510
1164 1511
1511 1512
1512 1513
1513 1514
1514 1515
1515 1516
1516 1517
1517 1518
1518 1519
1173 1520
1520 1521
1521 1522
1522 1523
1523 1524
1524 1525
1525 1526
1526 1527
1527 1528
1173 1529
1529 1530
1530 1531
1531 1532
1532 1533
1533 1534
1534 1535
1535 1536
1536 1537
1185 1538
1538 1539
1539 1540
1540 1541
1541 1542
1542 1543
1543 1544
1544 1545
1545 1546
1185 1547
1547 1548
1548 1549
1549 1550
1550 1551
1551 1552
1552 1553
1194 1554
1554 1555
1194 1556
1556 1557
1204 1558
1558 1559
1559 1560
1560 1561
1561 1562
1562 1563
1563 1564
1564 1565
1565 1566
1204 1567
1567 1568
1568 1569
1569 1570
1570 1571
1571 1572
1572 1573
1573 1574
1574 1575
1213 1576
1576 1577
1577 1578
1578 1579
1579 1580
1580 1581
1581 1582
1582 1583
1583 1584
1213 1585
1585 1586
1586 1587
1587 1588
1588 1589
1589 1590
1590 1591
1591 1592
1592 1593
1222 1594
1594 1595
1595 1596
1596 1597
1597 1598
1598 1599
1599 1600
1600 1601
1601 1602
1222 1603
1603 1604
1604 1605
1605 1606
1606 1607
1607 1608
1608 1609
1609 1610
1610 1611
1231 1612
1612 1613
1613 1614
1614 1615
1615 1616
1616 1617
1617 1618
1618 1619
1619 1620
1231 1621
1621 1622
1622 1623
1623 1624
1624 1625
1625 1626
1626 1627
1627 1628
1628 1629
1240 1630
1630 1631
1631 1632
1632 1633
1633 1634
1634 1635
1635 1636
1636 1637
1637 1638
1240 1639
1639 1640
1640 1641
1641 1642
1642 1643
1643 1644
1644 1645
1645 1646
1646 1647
1258 1648
1648 1649
1649 1650
1650 1651
1651 1652
1652 1653
1653 1654
1654 1655
1655 1656
1258 1657
1657 1658
1658 1659
1659 1660
1660 1661
1661 1662
1662 1663
1663 1664
1664 1665
1267 1666
1666 1667
1667 1668
1668 1669
1669 1670
1670 1671
1671 1672
1672 1673
1673 1674
1267 1675
1675 1676
1676 1677
1677 1678
1678 1679
1679 1680
1680 1681
1681 1682
1682 1683
1276 1684
1684 1685
1685 1686
1686 1687
1687 1688
1688 1689
1689 1690
1690 1691
1691 1692
1276 1693
1693 1694
1694 1695
1695 1696
1696 1697
1697 1698
1698 1699
1285 1700
1700 1701
1701 1702
1702 1703
1703 1704
1704 1705
1705 1706
1706 1707
1707 1708
1285 1709
1709 1710
1710 1711
1711 1712
1712 1713
1713 1714
1714 1715
1715 1716
1716 1717
1294 1718
1718 1719
1719 1720
1720 1721
1721 1722
1722 1723
1723 1724
1724 1725
1725 1726
1294 1727
1727 1728
1728 1729
1729 1730
1730 1731
1731 1732
1732 1733
1733 1734
1734 1735
1325 1736
1736 1737
1737 1738
1738 1739
1739 1740
1740 1741
1741 1742
1742 1743
1743 1744
1325 1745
1745 1746
1746 1747
1747 1748
1748 1749
1749 1750
1750 1751
1751 1752
1752 1753
1334 1754
1754 1755
1755 1756
1756 1757
1757 1758
1758 1759
1759 1760
1760 1761
1761 1762
1334 1763
1763 1764
1764 1765
1765 1766
1766 1767
1767 1768
1768 1769
1769 1770
1770 1771
1343 1772
1772 1773
1773 1774
1774 1775
1775 1776
1776 1777
1777 1778
1778 1779
1779 1780
1343 1781
1781 1782
1782 1783
1783 1784
1784 1785
1352 1786
1786 1787
1787 1788
1788 1789
1789 1790
1352 1791
1791 1792
1361 1793
1793 1794
1794 1795
1795 1796
1796 1797
1797 1798
1798 1799
1799 1800
1800 1801
1361 1802
1802 1803
1803 1804
1804 1805
1805 1806
1806 1807
1807 1808
1808 1809
1809 1810
1370 1811
1811 1812
1812 1813
1813 1814
1814 1815
1815 1816
1816 1817
1817 1818
1818 1819
1370 1820
1820 1821
1821 1822
1822 1823
1823 1824
1824 1825
1825 1826
1826 1827
1827 1828
1387 1829
1829 1830
1830 1831
1831 1832
1832 1833
1833 1834
1834 1835
1835 1836
1836 1837
1387 1838
1838 1839
1839 1840
1840 1841
1841 1842
1842 1843
1843 1844
1844 1845
1845 1846
1396 1847
1847 1848
1848 1849
1849 1850
1850 1851
1851 1852
1852 1853
1853 1854
1396 1855
1855 1856
1856 1857
1405 1858
1858 1859
1405 1860
1860 1861
1861 1862
1423 1863
1863 1864
1864 1865
1865 1866
1866 1867
1867 1868
1868 1869
1869 1870
1423 1871
1871 1872
1872 1873
1873 1874
1874 1875
1875 1876
1876 1877
1877 1878
1878 1879
1432 1880
1880 1881
1881 1882
1882 1883
1883 1884
1884 1885
1885 1886
1886 1887
1887 1888
1432 1889
1889 1890
1890 1891
1891 1892
1892 1893
1893 1894
1894 1895
1895 1896
1896 1897
1441 1898
1898 1899
1899 1900
1900 1901
1901 1902
1902 1903
1903 1904
1904 1905
1905 1906
1441 1907
1907 1908
1908 1909
1909 1910
1910 1911
1450 1912
1450 1913
1486 1914
1486 1915
1510 1916
1510 1917
1519 1918
1519 1919
1528 1920
1537 1921
1537 1922
1546 1923
1546 1924
1566 1925
1566 1926
1575 1927
1575 1928
1584 1929
1584 1930
1602 1931
1602 1932
1611 1933
1611 1934
1656 1935
1656 1936
1665 1937
1674 1938
1674 1939
1683 1940
1683 1941
1692 1942
1692 1943
1708 1944
1708 1945
1735 1946
1735 1947
1744 1948
1762 1949
1771 1950
1810 1951
1810 1952
1819 1953
1828 1954
1828 1955
1837 1956
1837 1957
1888 1958
1888 1959
1912 1960
1912 1961
1913 1962
1913 1963
1914 1964
1914 1965
1918 1966
1918 1967
1920 1968
1920 1969
1921 1970
1921 1971
1925 1972
1925 1973
1926 1974
1926 1975
1927 1976
1927 1977
1928 1978
1928 1979
1929 1980
1929 1981
1930 1982
1930 1983
1931 1984
1931 1985
1932 1986
1934 1987
1934 1988
1935 1989
1935 1990
1936 1991
1937 1992
1938 1993
1938 1994
1939 1995
1939 1996
1940 1997
1940 1998
1941 1999
1941 2000
1942 2001
1942 2002
1943 2003
1945 2004
1945 2005
1954 2006
1955 2007
1955 2008
1956 2009
1956 2010
1957 2011
1957 2012
1959 2013
1959 2014
1963 2015
1963 2016
1974 2017
1976 2018
1979 2019
1979 2020
1980 2021
1980 2022
1981 2023
1981 2024
1985 2025
1989 2026
1989 2027
1990 2028
1990 2029
1992 2030
1992 2031
1993 2032
1993 2033
1994 2034
1995 2035
1995 2036
1997 2037
1997 2038
1998 2039
1998 2040
2001 2041
2002 2042
2003 2043
2004 2044
2004 2045
2006 2046
2006 2047
2007 2048
2007 2049
2009 2050
2009 2051
2010 2052
2010 2053
2011 2054
2011 2055
2012 2056
2017 2057
2017 2058
2020 2059
2021 2060
2022 2061
2022 2062
2026 2063
2026 2064
2027 2065
2027 2066
2029 2067
2030 2068
2030 2069
2031 2070
2031 2071
2032 2072
2032 2073
2034 2074
2034 2075
2036 2076
2036 2077
2041 2078
2041 2079
2042 2080
2042 2081
2043 2082
2044 2083
2044 2084
2045 2085
2045 2086
2046 2087
2047 2088
2047 2089
2048 2090
2049 2091
2049 2092
2050 2093
2050 2094
2051 2095
2051 2096
2052 2097
2053 2098
2054 2099
2054 2100
2055 2101
2056 2102
2056 2103
2057 2104
2057 2105
2061 2106
2061 2107
2062 2108
2063 2109
2063 2110
2064 2111
2065 2112
2065 2113
2066 2114
2066 2115
2067 2116
2067 2117
2068 2118
2068 2119
2070 2120
2070 2121
2071 2122
2075 2123
2075 2124
2083 2125
2083 2126
2084 2127
2093 2128
2093 2129
2094 2130
2094 2131
2095 2132
2095 2133
2097 2134
2097 2135
2099 2136
2099 2137
2100 2138
2100 2139
2101 2140
2101 2141
2102 2142
2102 2143
2103 2144
2104 2145
2106 2146
2109 2147
2109 2148
2113 2149
2114 2150
2115 2151
2116 2152
2120 2153
2120 2154
2122 2155
2122 2156
2125 2157
2125 2158
2126 2159
2133 2160
2133 2161
2134 2162
2136 2163
2136 2164
2137 2165
2138 2166
2139 2167
2140 2168
2141 2169
2142 2170
2142 2171
2143 2172
2143 2173
2144 2174
2145 2175
2148 2176
2148 2177
2152 2178
2152 2179
2157 2180
2157 2181
2158 2182
2158 2183
2159 2184
2159 2185
2162 2186
2162 2187
2163 2188
2163 2189
2164 2190
2164 2191
2165 2192
2165 2193
2166 2194
2166 2195
2170 2196
2170 2197
2171 2198
2171 2199
2172 2200
2173 2201
2173 2202
2178 2203
2178 2204
2179 2205
2179 2206
2180 2207
2180 2208
2181 2209
2181 2210
2182 2211
2182 2212
2183 2213
2184 2214
2184 2215
2185 2216
2186 2217
2186 2218
2187 2219
2188 2220
2188 2221
2189 2222
2189 2223
2190 2224
2190 2225
2191 2226
2192 2227
2192 2228
2195 2229
2195 2230
2196 2231
2196 2232
2197 2233
2197 2234
2198 2235
2198 2236
2200 2237
2200 2238
2201 2239
2201 2240
2202 2241
2203 2242
2203 2243
2205 2244
2205 2245
2207 2246
2207 2247
2208 2248
2208 2249
2209 2250
2209 2251
2211 2252
2211 2253
2212 2254
2213 2255
2213 2256
2215 2257
2218 2258
2220 2259
2221 2260
2221 2261
2222 2262
2222 2263
2224 2264
2224 2265
2227 2266
2228 2267
2231 2268
2231 2269
2232 2270
2232 2271
2233 2272
2233 2273
2234 2274
2235 2275
2235 2276
2236 2277
2236 2278
2237 2279
2239 2280
2240 2281
2240 2282
2242 2283
2242 2284
2243 2285
2244 2286
2244 2287
2246 2288
2246 2289
2247 2290
2247 2291
2248 2292
2248 2293
2249 2294
2250 2295
2250 2296
2251 2297
2252 2298
2252 2299
2253 2300
2253 2301
2254 2302
2257 2303
2259 2304
2259 2305
2260 2306
2260 2307
2261 2308
2262 2309
2262 2310
2263 2311
2266 2312
2267 2313
2268 2314
2269 2315
2269 2316
2271 2317
2272 2318
2272 2319
2273 2320
2274 2321
2275 2322
2275 2323
2276 2324
2277 2325
2279 2326
2279 2327
2282 2328
2282 2329
2283 2330
2283 2331
2286 2332
2286 2333
2287 2334
2288 2335
2288 2336
2289 2337
2290 2338
2290 2339
2292 2340
2292 2341
2295 2342
2295 2343
2296 2344
2296 2345
2297 2346
2298 2347
2298 2348
2300 2349
2302 2350
2302 2351
2304 2352
2304 2353
2305 2354
2307 2355
2307 2356
2309 2357
2309 2358
2311 2359
2312 2360
2312 2361
2313 2362
2314 2363
2314 2364
2315 2365
2315 2366
2317 2367
2317 2368
2318 2369
2318 2370
2319 2371
2319 2372
2320 2373
2322 2374
2322 2375
2323 2376
2325 2377
2325 2378
2326 2379
2327 2380
2328 2381
2328 2382
2329 2383
2332 2384
2332 2385
2333 2386
2334 2387
2334 2388
2335 2389
2335 2390
2336 2391
2336 2392
2337 2393
2338 2394
2338 2395
2339 2396
2339 2397
2340 2398
2340 2399
2342 2400
2342 2401
2347 2402
2347 2403
2348 2404
2349 2405
2350 2406
2352 2407
2352 2408
2353 2409
2353 2410
2354 2411
2354 2412
2357 2413
2357 2414
2358 2415
2361 2416
2361 2417
2362 2418
2362 2419
2363 2420
2363 2421
2364 2422
2364 2423
2365 2424
2365 2425
2366 2426
2366 2427
2369 2428
2369 2429
2370 2430
2370 2431
2371 2432
2374 2433
2374 2434
2375 2435
2375 2436
2376 2437
2376 2438
2377 2439
2378 2440
2378 2441
2379 2442
2379 2443
2380 2444
2380 2445
2382 2446
2383 2447
2383 2448
2384 2449
2385 2450
2385 2451
2386 2452
2387 2453
2387 2454
2388 2455
2388 2456
2389 2457
2389 2458
2390 2459
2390 2460
2391 2461
2391 2462
2393 2463
2393 2464
2394 2465
2394 2466
2395 2467
2398 2468
2398 2469
2400 2470
2400 2471
2401 2472
2402 2473
2403 2474
2406 2475
2407 2476
2407 2477
2408 2478
2408 2479
2409 2480
2409 2481
2410 2482
2410 2483
2413 2484
2413 2485
2416 2486
2416 2487
2417 2488
2417 2489
2418 2490
2420 2491
2420 2492
2421 2493
2421 2494
2422 2495
2422 2496
2424 2497
2425 2498
2426 2499
2428 2500
2428 2501
2430 2502
2430 2503
2431 2504
2432 2505
2433 2506
2433 2507
2434 2508
2434 2509
2435 2510
2436 2511
2437 2512
2437 2513
2439 2514
2439 2515
2441 2516
2442 2517
2443 2518
2443 2519
2444 2520
2449 2521
2449 2522
2450 2523
2450 2524
2452 2525
2452 2526
2453 2527
2453 2528
2454 2529
2454 2530
2455 2531
2457 2532
2457 2533
2458 2534
2458 2535
2459 2536
2460 2537
2460 2538
2461 2539
2461 2540
2462 2541
2463 2542
2463 2543
2464 2544
2464 2545
2465 2546
2465 2547
2466 2548
2467 2549
2468 2550
2468 2551
2469 2552
2469 2553
2470 2554
2470 2555
2472 2556
2472 2557
2475 2558
2475 2559
2476 2560
2476 2561
2477 2562
2477 2563
2478 2564
2478 2565
2481 2566
2485 2567
2487 2568
2487 2569
2489 2570
2491 2571
2491 2572
2492 2573
2492 2574
2493 2575
2493 2576
2494 2577
2494 2578
2495 2579
2495 2580
2496 2581
2496 2582
2497 2583
2497 2584
2499 2585
2500 2586
2500 2587
2501 2588
2501 2589
2502 2590
2504 2591
2506 2592
2506 2593
2507 2594
2507 2595
2508 2596
2508 2597
2509 2598
2509 2599
2510 2600
2513 2601
2513 2602
2514 2603
2514 2604
2517 2605
2517 2606
2518 2607
2520 2608
2521 2609
2521 2610
2522 2611
2522 2612
2525 2613
2525 2614
2526 2615
2526 2616
2527 2617
2527 2618
2528 2619
2528 2620
2529 2621
2529 2622
2531 2623
2531 2624
2532 2625
2532 2626
2533 2627
2533 2628
2534 2629
2534 2630
2536 2631
2536 2632
2537 2633
2538 2634
2539 2635
2539 2636
2540 2637
2542 2638
2543 2639
2543 2640
2546 2641
2546 2642
2547 2643
2547 2644
2548 2645
2548 2646
2550 2647
2550 2648
2551 2649
2551 2650
2554 2651
2556 2652
2556 2653
2557 2654
2557 2655
2558 2656
2558 2657
2559 2658
2559 2659
2560 2660
2560 2661
2561 2662
2561 2663
2562 2664
2562 2665
2563 2666
2565 2667
2565 2668
2566 2669
2567 2670
2568 2671
2568 2672
2570 2673
2570 2674
2571 2675
2571 2676
2572 2677
2572 2678
2574 2679
2575 2680
2575 2681
2576 2682
2576 2683
2577 2684
2577 2685
2578 2686
2579 2687
2579 2688
2580 2689
2583 2690
2583 2691
2586 2692
2586 2693
2587 2694
2587 2695
2588 2696
2590 2697
2592 2698
2592 2699
2593 2700
2593 2701
2596 2702
2596 2703
2597 2704
2599 2705
2601 2706
2601 2707
2608 2708
2609 2709
2609 2710
2610 2711
2610 2712
2612 2713
2612 2714
2613 2715
2613 2716
2616 2717
2616 2718
2617 2719
2617 2720
2618 2721
2618 2722
2619 2723
2619 2724
2621 2725
2621 2726
2623 2727
2623 2728
2624 2729
2624 2730
2625 2731
2625 2732
2626 2733
2626 2734
2627 2735
2627 2736
2628 2737
2629 2738
2629 2739
2631 2740
2631 2741
2632 2742
2632 2743
2635 2744
2638 2745
2638 2746
2639 2747
2639 2748
2641 2749
2641 2750
2642 2751
2642 2752
2643 2753
2643 2754
2645 2755
2647 2756
2647 2757
2648 2758
2655 2759
2657 2760
2657 2761
2658 2762
2658 2763
2660 2764
2660 2765
2661 2766
2661 2767
2662 2768
2662 2769
2664 2770
2664 2771
2668 2772
2668 2773
2670 2774
2671 2775
2671 2776
2673 2777
2674 2778
2675 2779
2675 2780
2676 2781
2676 2782
2678 2783
2678 2784
2679 2785
2680 2786
2681 2787
2681 2788
2684 2789
2687 2790
2687 2791
2688 2792
2688 2793
2691 2794
2692 2795
2692 2796
2693 2797
2693 2798
2694 2799
2696 2800
2697 2801
2697 2802
2699 2803
2699 2804
2700 2805
2700 2806
2702 2807
2702 2808
2707 2809
2708 2810
2708 2811
2709 2812
2709 2813
2710 2814
2710 2815
2711 2816
2711 2817
2714 2818
2714 2819
2715 2820
2715 2821
2716 2822
2717 2823
2717 2824
2718 2825
2719 2826
2719 2827
2720 2828
2720 2829
2722 2830
2723 2831
2723 2832
2724 2833
2724 2834
2725 2835
2726 2836
2727 2837
2727 2838
2728 2839
2728 2840
2729 2841
2729 2842
2731 2843
2731 2844
2732 2845
2732 2846
2733 2847
2733 2848
2735 2849
2735 2850
2736 2851
2736 2852
2739 2853
2740 2854
2740 2855
2741 2856
2742 2857
2743 2858
2745 2859
2745 2860
2746 2861
2746 2862
2747 2863
2747 2864
2748 2865
2749 2866
2749 2867
2752 2868
2752 2869
2756 2870
2756 2871
2760 2872
2761 2873
2761 2874
2762 2875
2762 2876
2764 2877
2764 2878
2765 2879
2766 2880
2766 2881
2767 2882
2767 2883
2769 2884
2771 2885
2771 2886
2774 2887
2776 2888
2776 2889
2777 2890
2778 2891
2779 2892
2779 2893
2780 2894
2780 2895
2781 2896
2781 2897
2783 2898
2783 2899
2786 2900
2786 2901
2787 2902
2788 2903
2790 2904
2790 2905
2791 2906
2792 2907
2794 2908
2795 2909
2795 2910
2797 2911
2797 2912
2800 2913
2800 2914
2801 2915
2801 2916
2804 2917
2805 2918
2807 2919
2807 2920
2810 2921
2810 2922
2811 2923
2812 2924
2812 2925
2813 2926
2814 2927
2814 2928
2816 2929
2820 2930
2822 2931
2822 2932
2823 2933
2823 2934
2825 2935
2826 2936
2826 2937
2827 2938
2827 2939
2831 2940
2837 2941
2837 2942
2838 2943
2838 2944
2843 2945
2843 2946
2844 2947
2844 2948
2845 2949
2845 2950
2847 2951
2849 2952
2850 2953
2850 2954
2854 2955
2854 2956
2855 2957
2855 2958
2857 2959
2857 2960
2859 2961
2859 2962
2860 2963
2866 2964
2866 2965
2867 2966
2867 2967
2868 2968
2870 2969
2870 2970
2871 2971
2872 2972
2872 2973
2873 2974
2873 2975
2874 2976
2876 2977
2877 2978
2877 2979
2878 2980
2878 2981
2880 2982
2881 2983
2882 2984
2882 2985
2887 2986
2888 2987
2888 2988
2891 2989
2894 2990
2894 2991
2898 2992
2899 2993
2899 2994
2901 2995
2904 2996
2904 2997
2905 2998
2907 2999
2909 3000
2909 3001
2910 3002
2910 3003
2911 3004
2911 3005
2914 3006
2915 3007
2915 3008
2917 3009
2917 3010
2919 3011
2919 3012
2921 3013
2921 3014
2924 3015
2924 3016
2926 3017
2926 3018
2927 3019
2927 3020
2928 3021
2928 3022
2933 3023
2934 3024
2936 3025
2936 3026
2941 3027
2941 3028
2943 3029
2943 3030
2945 3031
2946 3032
2947 3033
2947 3034
2948 3035
2949 3036
2949 3037
2952 3038
2953 3039
2961 3040
2964 3041
2967 3042
2969 3043
2971 3044
2972 3045
2972 3046
2973 3047
2974 3048
2974 3049
2975 3050
2975 3051
2976 3052
2978 3053
2979 3054
2979 3055
2980 3056
2980 3057
2981 3058
2983 3059
2991 3060
2991 3061
2992 3062
2993 3063
2996 3064
2999 3065
2999 3066
3000 3067
3000 3068
3001 3069
3002 3070
3002 3071
3003 3072
3003 3073
3004 3074
3007 3075
3007 3076
3009 3077
3011 3078
3011 3079
3012 3080
3012 3081
3015 3082
3017 3083
3018 3084
3023 3085
3023 3086
3027 3087
3030 3088
3030 3089
3032 3090
3036 3091
3036 3092
3039 3093
3045 3094
3045 3095
3048 3096
3048 3097
3049 3098
3050 3099
3055 3100
3061 3101
3064 3102
3070 3103
3070 3104
3075 3105
3078 3106
3081 3107
