41
27
27
59
64
65
123
125
127
129
160
101
101
113
113
117
117
198
153
233
243
244
180
180
184
184
188
279
210
210
317
226
226
230
336
252
252
256
256
366
380
287
287
398
400
406
407
303
311
311
424
425
333
333
452
462
464
466
499
500
525
527
529
404
404
538
544
419
419
423
423
429
429
433
433
437
437
449
570
460
460
470
576
585
608
494
494
498
498
614
508
508
624
629
520
640
645
647
542
648
552
552
560
560
693
694
589
703
705
714
715
605
605
720
743
637
637
644
644
769
778
668
668
672
672
676
676
680
779
684
684
780
794
816
818
824
728
853
747
747
759
759
882
883
885
777
777
891
902
903
905
907
945
947
836
836
844
844
848
848
852
980
865
869
869
1013
889
889
1015
1016
899
899
1017
923
923
1043
931
931
935
935
1046
943
943
951
951
955
1051
1066
971
979
1087
1096
1097
992
992
1008
1008
1012
1021
1021
1029
1041
1041
1154
1155
1166
1171
1063
1189
1191
1194
1086
1086
1212
1101
1101
1218
1220
1225
1121
1121
1125
1125
