30
27
27
57
108
73
73
157
174
105
112
112
200
210
212
213
216
235
264
291
194
194
204
204
321
328
341
370
259
259
276
276
280
280
427
429
432
307
307
311
311
491
493
494
345
500
361
361
525
528
378
378
390
390
398
398
585
414
591
600
601
606
456
456
460
460
649
651
472
472
488
488
498
498
689
719
720
721
536
536
540
722
544
544
723
724
750
572
767
768
779
584
790
799
800
614
614
822
824
830
833
836
634
634
646
646
878
679
912
913
914
915
697
918
701
919
705
705
922
924
717
717
939
993
762
762
999
772
1000
794
1026
1028
1030
1031
1036
1037
1039
1060
1061
1072
1077
1078
852
852
1084
1101
1102
872
872
882
886
886
898
898
1145
910
1150
1151
1153
1155
1189
967
967
975
975
991
991
1246
1008
1008
1020
1020
1043
1043
1047
1047
1051
1051
1301
1303
1304
1069
1069
1076
1076
1310
1324
1333
1340
1343
1350
1353
1118
1118
1126
1126
1380
1389
1390
1393
1159
1159
1163
1163
1400
1403
1406
1411
1413
1416
1418
1428
1430
1447
1449
1464
1465
1470
1471
1474
1481
1237
1237
1508
1509
1511
1250
1250
1258
1529
1532
1274
1274
1553
1575
1577
1298
1298
1591
1322
1600
1622
1347
1347
1623
1636
1365
1642
1665
1388
1388
1410
1410
1675
1704
1446
1446
1713
1716
1718
1719
1461
1469
1469
1720
1722
1485
1723
1737
1739
1740
1745
1746
1756
1761
1779
1780
1790
1792
1548
1548
1552
1552
1811
1813
1569
1573
1573
1581
1581
1839
1599
1599
1858
1863
1620
1620
1868
1627
1640
1640
1909
1911
1662
1662
1669
1669
1673
1673
1926
1945
1951
1953
1960
1727
1727
1983
1985
1987
1744
1744
1750
1750
1988
1990
1991
1992
1765
1765
1769
1769
1999
1784
1784
1788
1788
1796
1796
1808
1808
2028
1821
1821
2029
2042
2045
1837
1837
2054
2055
1851
2056
1855
1855
1862
1862
2061
1872
1872
2062
2065
2083
2085
2100
2118
2121
1915
1919
1919
2126
2127
1930
1930
2130
2132
2134
2136
1942
1942
2143
2144
2145
2162
2163
1976
1976
1980
1980
2169
2003
2003
2172
2175
2015
2015
2023
2023
2193
2198
2199
2200
2201
2041
2041
2206
2209
2210
2211
2212
2213
2069
2073
2073
2077
2077
2228
2093
2093
2097
2097
2104
2104
2108
2229
2112
2112
2116
2116
2125
2125
2140
2140
2153
2153
2161
2161
2167
2179
2183
2183
2191
2191
2197
2205
2205
2217
2217
2221
2221
2225
2225
2230
2230
2231
2231
2232
2232
2233
2233
2234
2234
2235
2236
2238
2238
2239
2240
2240
2242
2243
2244
2244
2245
2245
2248
2249
2249
2250
2250
2252
2253
2253
2255
2256
2256
2257
2257
2258
2258
