41
27
27
59
64
65
123
125
127
129
160
101
101
113
113
117
117
198
153
233
243
244
180
180
184
184
188
279
210
210
317
226
226
230
336
252
252
256
256
366
380
287
287
398
400
406
407
303
311
311
424
425
333
333
452
462
464
466
499
500
525
527
529
404
404
538
544
419
419
423
423
429
429
433
433
437
437
449
570
460
460
470
576
585
608
494
494
498
498
614
508
508
624
629
520
640
645
647
542
648
552
552
560
560
693
694
589
703
705
714
715
605
605
720
743
637
637
644
644
769
778
668
668
672
672
676
676
680
779
684
684
780
794
816
818
824
728
853
747
747
759
759
882
883
885
777
777
891
902
903
905
907
945
947
836
836
844
844
848
848
852
980
865
869
869
1013
889
889
1015
1016
899
899
1017
923
923
1043
931
931
935
935
1046
943
943
951
951
955
1051
1066
971
979
1087
1096
1097
992
992
1008
1008
1012
1021
1021
1029
1041
1041
1154
1155
1166
1171
1063
1189
1191
1194
1086
1086
1212
1101
1101
1218
1220
1225
1121
1121
1125
1125
1133
1133
1145
1149
1149
1153
1153
1170
1170
1175
1183
1187
1187
1198
1210
1210
1216
1216
1229
1239
1241
1241
1244
1244
1246
1249
1250
1252
1256
1257
1259
1259
1260
1261
1264
1264
1267
1268
1269
1269
1270
1272
1273
1273
1280
1280
1284
1285
1287
1287
1288
1291
1292
1292
1294
1295
1295
1296
1296
1300
1300
1301
1301
1302
1302
1304
1305
1305
1308
1308
1309
1309
1310
1311
1311
1313
1315
1316
1317
1317
1318
1318
1319
1319
1321
1322
1322
1323
1323
1324
1324
1325
1325
1328
1328
1329
1329
1330
1330
1332
1333
1336
1339
1339
1340
1340
1341
1341
1342
1345
1345
1348
1348
1349
1349
1351
1352
1352
1353
1353
1354
1354
1356
1359
1360
1361
1362
1362
1363
1366
1366
1367
1367
1368
1370
1370
1371
1371
1372
1372
1373
1376
1376
1377
1377
1380
1380
1382
1382
1383
1383
1384
1384
1388
1388
1389
1390
1390
1392
1393
1393
1394
1396
1396
1397
1397
1398
1399
1399
1400
1400
1401
1401
1402
1404
1404
1405
1405
1406
1406
1407
1407
1408
1408
1409
1410
1410
1412
1412
1415
1415
1416
1416
1419
1419
1420
1420
1421
1421
1422
1422
1423
1423
1428
1428
1430
1431
1431
1432
1432
1433
1434
1434
1435
1435
1436
1436
1437
1437
1438
1438
1439
1439
1440
1440
1441
1441
1442
1442
1445
1445
1446
1446
1450
1451
1451
1452
1454
1454
1457
1457
1458
1458
1459
1460
1462
1462
1463
1463
1464
1464
1467
1468
1469
1469
1470
1470
1472
1472
1475
1475
1476
1476
1478
1478
1479
1479
1480
1481
1482
1482
1483
1484
1484
1485
1485
1486
1486
