3.000000000000000076e-05 1.129999999999999893e+00 0.000000000000000000e+00
3.122758531203375992e-04 1.128133347056188285e+00 -1.874431340617988828e-01
1.163556563060633760e-03 1.126292498818233678e+00 -3.749841084461910112e-01
1.860999878047139237e-03 1.124605591336274246e+00 -5.624942158093756417e-01
-4.187191700498640867e-02 1.121508861980868188e+00 -7.553923766975274567e-01
-1.912632564098881022e-02 1.121568936093903179e+00 -9.400813547757964628e-01
3.372870934500032947e-03 1.115800024381698563e+00 -1.124610511251390443e+00
3.243955535929357505e-03 1.110944814104344536e+00 -1.311976678111957062e+00
1.312973035665820631e-01 1.099636279451832399e+00 -1.464720581844865865e+00
2.640651247855695938e-01 1.089270974020980276e+00 -1.618524684020081983e+00
-1.251152094903728584e-01 1.104935929153262331e+00 -1.464658443024787760e+00
-3.286563960398704021e-01 1.087564422267640385e+00 -1.630524084140624552e+00
3.279959810358887284e-01 1.083172057563628776e+00 -1.721003549276189482e+00
3.892240372712618135e-01 1.073607309599635462e+00 -1.822832786836542596e+00
4.519102049732143245e-01 1.060255728855072022e+00 -1.923772089568716481e+00
5.147216997453705201e-01 1.046783384418550789e+00 -2.024761072578979526e+00
3.546051614541956276e-01 1.082131225701922883e+00 -1.697775813003848056e+00
4.592128334247738697e-01 1.067311664811144922e+00 -1.749045121310663919e+00
5.748235595491311134e-01 1.047040367545119643e+00 -1.771345862988523923e+00
6.907415498023975475e-01 1.023960729259945746e+00 -1.777790696650348501e+00
-3.127919867206592763e-01 1.087255911277677844e+00 -1.718809865314535168e+00
-2.952543294775614724e-01 1.083974556264773570e+00 -1.818620018404187633e+00
-2.764522806289597123e-01 1.080453767057812930e+00 -1.925679580788182799e+00
-2.943934119374788660e-01 1.072039799824206829e+00 -2.043652229564328238e+00
-3.180454876405216513e-01 1.087663433342674235e+00 -1.692566419281076984e+00
-3.122031896238980364e-01 1.087149917373533281e+00 -1.722082817515453668e+00
-3.051451367183612984e-01 1.085829525303037668e+00 -1.762247925018179950e+00
-2.946445937218435396e-01 1.083863814381330615e+00 -1.822027660363505053e+00
5.614837491832868066e-01 1.035015063879892061e+00 -2.135012763953326065e+00
6.077679462853453618e-01 1.023319853002489843e+00 -2.245127109161454637e+00
6.532003791851292984e-01 1.009481673194065010e+00 -2.355003870835879365e+00
6.977292413812454797e-01 9.913858562136944608e-01 -2.464697632269115424e+00
5.915183562391795880e-01 1.031732577114422789e+00 -2.116101719013539828e+00
6.878356035345937203e-01 1.009679200669028942e+00 -2.182746872617349343e+00
7.955095102741406299e-01 9.772257275406270871e-01 -2.221609322925348629e+00
9.452858094590650406e-01 9.303193178572291000e-01 -2.248408493482136450e+00
8.938627655687230167e-01 9.765020650559109727e-01 -1.753551715859636539e+00
1.004657987407103992e+00 9.377071246437262975e-01 -1.755580421469997932e+00
1.116136416567168999e+00 8.988614377602702765e-01 -1.755173214186921404e+00
1.223720275777257394e+00 8.506644980510296161e-01 -1.753010797067568571e+00
8.834438180005256269e-01 9.811368890829438305e-01 -1.720914044213403660e+00
8.755031444403875707e-01 9.846135355107684672e-01 -1.697872347311775387e+00
-3.230158079210056488e-01 1.063282559013713602e+00 -2.159640743213729230e+00
-3.511999956842649095e-01 1.055783393722634189e+00 -2.275797829396499772e+00
-3.829692033267870777e-01 1.047850938182816050e+00 -2.392596046511700436e+00
-4.139726370366142438e-01 1.039964429547232561e+00 -2.508897540747186294e+00
-2.879449377007425870e-01 1.067152578852771816e+00 -2.163378573739019650e+00
-2.497578883382375048e-01 1.067091110918795716e+00 -2.277012090827854607e+00
-1.525354804102211637e-01 1.061261157351069073e+00 -2.560011626942881424e+00
-8.842280770838871484e-02 1.064343582982426151e+00 -2.548901509627567563e+00
7.581274172306422532e-01 9.701267233431166703e-01 -2.566059799707895550e+00
8.185891785616811189e-01 9.488510848177653667e-01 -2.667443876196015307e+00
8.794543996208794567e-01 9.289596777077511192e-01 -2.768986271025136503e+00
9.358908084414315764e-01 8.995654447950965915e-01 -2.869686000253413471e+00
7.260558739497263714e-01 9.767078503358445074e-01 -2.580182344456478205e+00
7.228675750066421157e-01 9.691916671529532401e-01 -2.699514444845452221e+00
6.896079936775887376e-01 9.700236289527106592e-01 -2.815218260711825682e+00
6.432465779231786307e-01 9.744185427328645455e-01 -2.926073088755567930e+00
1.073976462250364472e+00 8.927502508808140558e-01 -2.240768902805842178e+00
1.172868544070245767e+00 8.511264772250939359e-01 -2.231828966350926091e+00
1.070486263313665143e+00 8.906273443084756769e-01 -2.276218652509248486e+00
1.156901497784613264e+00 8.518951801193751505e-01 -2.333930208469626510e+00
1.203587524319566171e+00 8.226305353232730155e-01 -2.416016220986046736e+00
1.225988257007941451e+00 8.065764846122353005e-01 -2.509972809584086750e+00
1.458634832813980653e+00 7.291587023297594339e-01 -1.750021327865195486e+00
1.454370213542427459e+00 7.298969570962235975e-01 -1.784585610891974650e+00
-4.603377588054803904e-01 1.029666953682054853e+00 -2.619091900070170897e+00
-5.052778242242847995e-01 1.015930327220323504e+00 -2.728956292848411014e+00
-5.496355095361076248e-01 9.997893324269333526e-01 -2.838947446825747623e+00
-5.933253296404118471e-01 9.837854461892132640e-01 -2.949065678605324869e+00
-4.265270001175008874e-01 1.031986561955419823e+00 -2.628009064866892786e+00
-4.065806136122767644e-01 1.026627375479052917e+00 -2.746089129579161625e+00
-3.568393451932664329e-01 1.024300819383462624e+00 -2.855240545452554457e+00
-2.902871567374010198e-01 1.023874686624882013e+00 -2.955068772956888079e+00
-2.358239729804897586e-02 1.064331234000678306e+00 -2.537488392372667434e+00
7.495808735427071656e-02 1.060316880944532913e+00 -2.605178222987818426e+00
1.770298142572530320e-01 1.050134638816517363e+00 -2.666125642616619551e+00
2.812994329864325072e-01 1.037764616055285583e+00 -2.723936952359609975e+00
2.579859862042488058e-03 1.064326251904407883e+00 -2.532883337062801221e+00
1.143661314915879607e-01 1.061387791595991503e+00 -2.575290628828149853e+00
2.321273316416136157e-01 1.052042845503082136e+00 -2.592397377776023859e+00
3.499575292349439426e-01 1.041210183613312523e+00 -2.582566263082087143e+00
9.661520454720328166e-01 8.776575387750961132e-01 -2.981756051932355600e+00
9.937914867830275334e-01 8.571711599797092740e-01 -3.096041570585312375e+00
1.019358017048378695e+00 8.387990225535528754e-01 -3.211524137684476532e+00
1.056735498561149456e+00 8.165553713765294486e-01 -3.323901985051326502e+00
9.924102989635154026e-01 8.683863532684081843e-01 -2.963376119951589338e+00
1.084071518067527551e+00 8.256240573492766854e-01 -3.029819276330443234e+00
1.187346377641424811e+00 7.814244146850706230e-01 -3.069433665278723744e+00
1.290049061882641679e+00 7.307613152539552681e-01 -3.096384008574039282e+00
5.682603448713178240e-01 9.823120226110138020e-01 -3.019083935918204009e+00
4.882294957155974280e-01 9.897475149243014636e-01 -3.106065947639609970e+00
3.971865931955861351e-01 1.000557568507513873e+00 -3.179183151887569725e+00
3.059617352184335060e-01 1.009791480183134693e+00 -3.252456426873447271e+00
5.982936269537864060e-01 9.749103250622985772e-01 -3.037103061844416363e+00
5.854187535063075654e-01 9.666802324478466213e-01 -3.154654134783744013e+00
6.025356062807543100e-01 9.550463400194100227e-01 -3.270812581137684472e+00
6.329781026739484950e-01 9.433974700301548388e-01 -3.384020081722070472e+00
1.266378138904357353e+00 7.798775460702498386e-01 -2.618436546741873983e+00
1.306920894507518360e+00 7.530911016297509031e-01 -2.726943422434686237e+00
1.344022443397836719e+00 7.209362829307947029e-01 -2.834867560877452508e+00
1.399261220616397017e+00 6.746960680408293776e-01 -2.928329611575615665e+00
1.292766488999014030e+00 7.657473568599654223e-01 -2.599452490539866822e+00
1.378537624579198262e+00 7.151503090386577277e-01 -2.664361278798494492e+00
1.485619395014453170e+00 6.330983779653953647e-01 -2.707940692366654023e+00
1.587257133048522784e+00 5.583271739043370596e-01 -2.722690494775980241e+00
-6.199462247952859384e-01 9.714380391991220831e-01 -3.065149657407384876e+00
-6.477157598573854980e-01 9.589151574132429579e-01 -3.181190667586929699e+00
-6.753528964290232972e-01 9.464182251116219913e-01 -3.297278220437645402e+00
-7.010125193081118145e-01 9.284943781287897657e-01 -3.413041803396262175e+00
-6.518867133500952926e-01 9.653351211994842807e-01 -3.051127073293212089e+00
-6.967704566368913000e-01 9.529303596438469803e-01 -3.099452681951806898e+00
-6.992457822634606801e-01 9.525542211481794475e-01 -3.096645527808276732e+00
-7.064570386613331365e-01 9.515213188616185036e-01 -3.087350203592219344e+00
-1.991941730870773475e-01 1.027151492084318107e+00 -3.032658041271090177e+00
-1.083293615819816980e-01 1.030437335011889388e+00 -3.109766134742782739e+00
-1.952781080075026085e-02 1.024190274040808646e+00 -3.186599745692652252e+00
5.052824959476032163e-02 1.014972121628006096e+00 -3.278833276521372131e+00
-2.261312986473487108e-01 1.023684596177852901e+00 -3.056066367264869132e+00
-1.910580481029702238e-01 1.020373550801426887e+00 -3.170824174195886247e+00
-1.854817027819765096e-01 1.014380322855820360e+00 -3.290535445338668374e+00
-2.007646210315537638e-01 1.004467497935987552e+00 -3.409106056548002250e+00
3.912397677418413822e-01 1.025980349563392791e+00 -2.769352148814546499e+00
5.006730720538543622e-01 1.013579420686729238e+00 -2.814776226543408644e+00
3.728332099380777254e-01 1.024863924613994337e+00 -2.799896828356553957e+00
4.402824086159977113e-01 1.014905285968424664e+00 -2.898146188620046804e+00
4.555811593298351170e-01 1.030195621810179318e+00 -2.530113829419624150e+00
5.611520610613310867e-01 1.019206465897542824e+00 -2.477165603054004794e+00
4.664850584836691683e-01 1.027568705870404830e+00 -2.563763268935856043e+00
5.823122590156769585e-01 1.010791176592320539e+00 -2.577273527420331778e+00
1.108327215901471874e+00 7.894557930701062709e-01 -3.430019352663586485e+00
1.157785048008701079e+00 7.584999770285000276e-01 -3.535537282778921320e+00
1.208526493151937498e+00 7.242375550955494345e-01 -3.641459198338938386e+00
1.188646389988867513e+00 7.269341649184531962e-01 -3.730145807405186531e+00
1.075251802725559980e+00 8.025762515572145706e-01 -3.441567700718012102e+00
1.061641204406826855e+00 7.974261291364679316e-01 -3.560576699185308946e+00
1.020723798263434068e+00 8.037941712365349600e-01 -3.673058481496836336e+00
9.541884303012538870e-01 8.213165871719690925e-01 -3.771827127827973136e+00
1.389881241235837228e+00 6.643552361011746399e-01 -3.088435800817213028e+00
1.487292496323505020e+00 5.996136107790877023e-01 -3.080165864004636322e+00
1.570034113134230358e+00 5.239019107401896580e-01 -3.095541760364394435e+00
1.639977933440236013e+00 4.362129220969319654e-01 -3.123215393787280192e+00
1.385840377795081402e+00 6.634081253815707901e-01 -3.123318455354127110e+00
1.466927635018936193e+00 6.026791879715576172e-01 -3.180616301822626557e+00
1.527051105325406333e+00 5.485514566340101705e-01 -3.261762881866663744e+00
1.559872650372864156e+00 4.946887566766615674e-01 -3.358983539637506954e+00
2.119664060815358575e-01 1.007206613964352959e+00 -3.326133392410273171e+00
1.175016303360524039e-01 1.004649305500584733e+00 -3.399566323956197955e+00
4.296051664965173933e-02 1.000010274575471092e+00 -3.497150994741843544e+00
-1.558931692487204590e-02 9.938297023854344436e-01 -3.602120071290858760e+00
2.169741992474776560e-01 1.007335910340694252e+00 -3.322335404461233210e+00
1.303354287884543050e-01 1.004971318413076409e+00 -3.389974274862008752e+00
8.360904017550377376e-02 9.987711294899552783e-01 -3.500934534873444193e+00
7.753590244395863751e-02 9.911057636978392038e-01 -3.619094947999790257e+00
6.759820722624237943e-01 9.286742736047867153e-01 -3.510894592123980029e+00
6.387692375972658931e-01 9.308935749861800835e-01 -3.601805546185553819e+00
6.003450088335263723e-01 9.326201119773848136e-01 -3.695077579912386501e+00
5.594337368157968893e-01 9.291170854852904837e-01 -3.791406253871147491e+00
6.851039262340081759e-01 9.281156666643403108e-01 -3.488888356697046778e+00
7.640551524065114508e-01 8.991702164215555904e-01 -3.574992837643583332e+00
8.461307953025271056e-01 8.697310111274173527e-01 -3.657473511124404109e+00
1.654151033119504177e+00 4.843060216563594977e-01 -2.692441865472273488e+00
1.699915011643259088e+00 4.311002426292861456e-01 -2.655831205073512002e+00
1.775106410400810297e+00 3.404959335096766626e-01 -2.620904605359836381e+00
1.818167503315867073e+00 2.492525731889476404e-01 -2.580643519230295446e+00
1.652951656362829036e+00 4.814330298867729452e-01 -2.727190886510043377e+00
1.722891388007088853e+00 3.882069179971666117e-01 -2.765570061298435522e+00
1.780583135579961063e+00 3.034814184193996844e-01 -2.824016680487418274e+00
1.792250550777735985e+00 2.308575352900414102e-01 -2.898879971790616406e+00
-7.097048727919785804e-01 9.167087901485146961e-01 -3.531865031840272895e+00
-7.176365836308296053e-01 9.040620776972576600e-01 -3.650623269080728317e+00
-7.228997709421380868e-01 8.921843328071612511e-01 -3.769631591878764620e+00
-7.274187621220353783e-01 8.805214393432853059e-01 -3.888705019004461416e+00
-7.427497637737304759e-01 9.076914587529572032e-01 -3.522944161283183995e+00
-1.006340895828954585e+00 8.162198865830828654e-01 -3.653483101195988070e+00
-9.969556249984297125e-01 8.155473729621501855e-01 -3.712490946493323118e+00
-9.895149746816418457e-01 8.145001895013239679e-01 -3.749523366368871180e+00
-2.226954350938993854e-01 9.948189854394764442e-01 -3.526647134094478719e+00
-2.447422421362420442e-01 9.851522153426716111e-01 -3.644243173260252266e+00
-2.925366340452591474e-01 9.726157356903339934e-01 -3.753582641639453321e+00
-3.551116603796088400e-01 9.548741404883966943e-01 -3.854321553593063943e+00
-2.562316438693746923e-01 9.911574634756843416e-01 -3.514574068563045106e+00
-3.382256118191054872e-01 9.755112909485587069e-01 -3.600807137263612123e+00
-4.389698230961904257e-01 9.578977481036079489e-01 -3.663452618592188514e+00
-5.509883147205631992e-01 9.368914565253124715e-01 -3.700787041606451666e+00
1.169557078040477593e+00 7.268212611414229807e-01 -3.808935995356921289e+00
1.146414954136276032e+00 7.261154329249041028e-01 -3.901763092254380894e+00
1.171816840010507565e+00 6.939468617529154226e-01 -4.017589087401027825e+00
1.187867224429858704e+00 6.672307375480217573e-01 -4.133717582296174697e+00
1.163972652184305234e+00 7.267876783582883915e-01 -3.830432403923434759e+00
1.137465763931225338e+00 7.259475445226440948e-01 -3.936965534343805473e+00
1.141354395986854842e+00 7.056936355180717380e-01 -4.056006374557715510e+00
1.127084126666042740e+00 6.963825852150015150e-01 -4.174984542437856661e+00
8.858480702770170634e-01 8.398285972096733998e-01 -3.868359468966156900e+00
8.154386382413405521e-01 8.515434397048794457e-01 -3.963888009453238048e+00
7.418858404814432372e-01 8.615121181075230394e-01 -4.059419833588035154e+00
6.949712158128701356e-01 8.621009079313390888e-01 -4.170334890777569470e+00
8.629005298875166430e-01 8.495743779131333939e-01 -3.843140445504406699e+00
7.542387977629212426e-01 8.752007137545787518e-01 -3.884911632137341364e+00
1.709464429029802668e+00 3.503272765639907083e-01 -3.141758698071056788e+00
1.754534769708559594e+00 2.535233275526254104e-01 -3.157591462268395155e+00
1.790137243634718045e+00 1.195826231971169884e-01 -3.172677456301081556e+00
1.808815802608217504e+00 3.464557906153165057e-02 -3.212959120379536682e+00
1.700580563731485029e+00 3.564528100705500746e-01 -3.174712522037991036e+00
1.734060330320807974e+00 2.851794905940796543e-01 -3.251609397884728914e+00
1.738709783907901985e+00 2.266798340135965373e-01 -3.345608192321967156e+00
1.738998485357470258e+00 1.795843547021152009e-01 -3.448188586095269681e+00
1.527905337658979956e+00 5.205997846421137609e-01 -3.430308221521254808e+00
1.500755090894396959e+00 5.375010681534740931e-01 -3.522808338940640827e+00
1.472590274729568494e+00 5.507897279312038430e-01 -3.624459885179736940e+00
1.436005792079406485e+00 5.638522545832542754e-01 -3.729371817107576259e+00
1.521799052816620090e+00 5.245727199426043486e-01 -3.450038428170615123e+00
1.491793575014783935e+00 5.431385180577221750e-01 -3.552972155588513647e+00
1.460606015571886296e+00 5.549609534569023284e-01 -3.659850686309657597e+00
1.422745982806604470e+00 5.685729200688115492e-01 -3.767527243541505033e+00
-2.772442806132458318e-02 9.822550372134994934e-01 -3.720323729197621887e+00
-4.100804019219672636e-02 9.707519187785154102e-01 -3.839105050172040734e+00
-5.054716649195454409e-02 9.610326521833070235e-01 -3.958347749153770412e+00
-4.256372520805328658e-02 9.514816723205206106e-01 -4.077984991090630729e+00
-6.192681264115650758e-02 9.825655823445118564e-01 -3.712363517093120180e+00
-1.359853973678956662e-01 9.724709778993018139e-01 -3.806648725849232306e+00
-2.304048697491554443e-01 9.652818326104961599e-01 -3.880142702483191375e+00
-2.992135125007416852e-01 9.511129565399730756e-01 -3.975878841219067983e+00
1.215051692273342587e-01 9.827764276604353810e-01 -3.728883905075007554e+00
1.656257096446070998e-01 9.733953672251602907e-01 -3.838906002802571660e+00
2.349770965414421375e-01 9.621844080336635630e-01 -3.934579910674264269e+00
3.228328121556419128e-01 9.424720577834566626e-01 -4.012567010256339550e+00
5.124082096212445592e-01 9.252238220652537759e-01 -3.900752870332319322e+00
4.755956562500581741e-01 9.194434406767304502e-01 -4.014612463864829728e+00
4.747698760676433150e-01 9.095082584895635147e-01 -4.133781238040750594e+00
4.977755851724180447e-01 8.962497414849863731e-01 -4.250959514321666077e+00
5.163228660038343687e-01 9.255102680106096491e-01 -3.892039646525093488e+00
5.316004664216841258e-01 9.119245056401971139e-01 -4.010098492453082919e+00
5.795973649385044446e-01 8.949207297814681938e-01 -4.118554567884451956e+00
1.856481435678803971e+00 1.177215839101494743e-01 -2.551099491606978908e+00
1.881955148012834478e+00 2.967250348091408918e-02 -2.524250823599249571e+00
1.888188732598369501e+00 -3.987999291020182663e-02 -2.497002714255928346e+00
1.884022979515230123e+00 -1.095545288115135213e-01 -2.467378457872665187e+00
1.856575796463265426e+00 1.273869385058417347e-01 -2.522317441726199760e+00
1.880286550656180111e+00 6.296561927920177326e-02 -2.440266064701604343e+00
1.897617933898491316e+00 2.877289741266027615e-02 -2.340041854269875543e+00
1.910668823866047195e+00 1.429132915640238255e-02 -2.229408852419643150e+00
1.797937149392666578e+00 1.799859115275181942e-01 -2.972846712356312260e+00
1.814973680482631080e+00 8.251698376774392607e-02 -3.055608297456864353e+00
1.790906338556238264e+00 1.964623863102630263e-01 -2.992443426764410663e+00
-7.466039503581336501e-01 8.629251567568053671e-01 -4.004188629384684006e+00
-7.628959973560255348e-01 8.458404558426025899e-01 -4.120096564807720796e+00
-7.886407505146374453e-01 8.260827902350272867e-01 -4.236436110634343777e+00
-6.536092707947660507e-01 8.568561815117438085e-01 -4.354670647714489640e+00
-7.140783510737135353e-01 8.726912123646388686e-01 -4.007663022970988642e+00
-6.720016884688843062e-01 8.744682557403223866e-01 -4.120565643458657057e+00
-6.548645036520915896e-01 8.699498949103469103e-01 -4.219795991159224435e+00
-6.530829240393305479e-01 8.623419467597895904e-01 -4.301482311655870916e+00
-9.885337389566726252e-01 8.143023949505856507e-01 -3.754223060608143925e+00
-9.841055885720548790e-01 8.134259825967102842e-01 -3.775280808740228089e+00
-9.733121970283007407e-01 8.113132582880714372e-01 -3.826388843347782842e+00
-9.576331755467852869e-01 8.082459616358258492e-01 -3.900614582173648870e+00
-9.826794948869101987e-01 8.131760571323248810e-01 -3.781760863903235403e+00
-9.718670213255602430e-01 8.110470843097125071e-01 -3.833076019529103817e+00
-9.576159337508384217e-01 8.082409333248948835e-01 -3.900711652126568119e+00
-1.030912664924173772e+00 7.680178366864246486e-01 -3.985759330125629329e+00
1.216775955206415460e+00 6.369345352624362633e-01 -4.245915314441671029e+00
1.245613314399105720e+00 6.066491937392819445e-01 -4.358348987671210040e+00
1.278274357129944194e+00 5.674010302555478891e-01 -4.466720813777102173e+00
1.305873777333525387e+00 5.176894316170058685e-01 -4.571743055942204315e+00
1.078569944555291649e+00 7.101999827580154356e-01 -4.283738140881052203e+00
1.027322597501757695e+00 7.167880504209388492e-01 -4.390541138693200729e+00
9.683646868281142739e-01 7.248440714777303340e-01 -4.500677302774013455e+00
8.984542818786651619e-01 7.398660277824019582e-01 -4.600626080299240250e+00
1.108143051287354242e+00 6.923317358134026822e-01 -4.293222765605505309e+00
1.119787801516040515e+00 6.698459200526470925e-01 -4.410051443852572639e+00
1.155777451787210364e+00 6.335403706885170960e-01 -4.518700218778553435e+00
1.162454759326435161e+00 6.129929201038637476e-01 -4.637305576300013499e+00
6.519105458687168841e-01 8.620530071437717545e-01 -4.281576768471275329e+00
6.082419261410327849e-01 8.557666173593654335e-01 -4.392307169022926061e+00
5.893003378463849140e-01 8.435833376839121378e-01 -4.511020583139160323e+00
5.838874960902258326e-01 8.325176446774849026e-01 -4.630790772693466728e+00
6.845515620371287469e-01 8.541876556493906980e-01 -4.289664112218288139e+00
7.065115689697480938e-01 8.344594525777285776e-01 -4.408126254605759797e+00
7.540571393899270225e-01 8.102021637791175790e-01 -4.516209762651677728e+00
1.810800154228866532e+00 -3.051454098896193290e-02 -3.252889254260201479e+00
1.799402011714192673e+00 -9.575542102956016710e-02 -3.298301564842589961e+00
1.784390183003440544e+00 -1.885626727153112692e-01 -3.348644307385867602e+00
1.758529240754340472e+00 -2.838805260388169716e-01 -3.400966334918170464e+00
1.808157526450080210e+00 -1.830651130630037843e-02 -3.282560435109688424e+00
1.791710171944782104e+00 -7.946695965897604408e-02 -3.371187075504362252e+00
1.774743185093621500e+00 -1.146659540691456758e-01 -3.470751674636078921e+00
1.753627889313899235e+00 -1.235604858317853605e-01 -3.578081360657559884e+00
1.726315727244516651e+00 1.727096839586979848e-01 -3.561094337087283623e+00
1.713302117408105563e+00 1.656484189196167078e-01 -3.676413280035982112e+00
1.697404131153070539e+00 1.655631665727965995e-01 -3.793093607718448279e+00
1.680105113211503243e+00 1.648333235980302403e-01 -3.910575575919021940e+00
1.736200992633007312e+00 1.406827359216105133e-01 -3.554754867708981969e+00
1.743036279908941610e+00 7.405599810156529572e-02 -3.647038562436649034e+00
1.751142823099541390e+00 -1.348738643566641492e-02 -3.718411470191049784e+00
1.730558593799337519e+00 -8.004612839098415589e-02 -3.804624645673361449e+00
1.390436979585695454e+00 5.778088673365235906e-01 -3.882033291640709649e+00
1.358396514661446952e+00 5.868376389271661164e-01 -3.996826776528979774e+00
1.351951352428820474e+00 5.727880379001116795e-01 -4.115271505627533521e+00
1.362746982954459396e+00 5.375052026928357485e-01 -4.225551574144813749e+00
1.413996653147264748e+00 5.564421208762188042e-01 -3.885498293602771547e+00
1.419059834912087759e+00 5.251036215176483335e-01 -3.996581173652621111e+00
1.439518369041763668e+00 4.857426813922127717e-01 -4.095910306559864544e+00
1.493884544546365767e+00 4.134428841116159492e-01 -4.179814921103173653e+00
-3.161604616866716538e-02 9.397869913688589039e-01 -4.195935407597925604e+00
-2.271276168306265303e-02 9.270382018970676485e-01 -4.314076989905471393e+00
-7.824277411527788550e-03 9.181189845085989676e-01 -4.432826506804349087e+00
6.343200677246413691e-03 9.101331642620021922e-01 -4.551713529049608908e+00
1.300713446308790272e-03 9.404203552262584420e-01 -4.185336391557719082e+00
8.282392456542214676e-02 9.297140307855504826e-01 -4.274052274529142714e+00
1.828384825438533201e-01 9.210761445753561372e-01 -4.340773635311973244e+00
2.890228791769147154e-01 9.136292416698014174e-01 -4.395465594007251120e+00
-3.266624717127369903e-01 9.355250781864482557e-01 -4.090119575592463086e+00
-3.541067084542585675e-01 9.198220285417245679e-01 -4.204890081786908596e+00
-3.814192926806324047e-01 9.034316802960891124e-01 -4.319924847178974403e+00
-3.734122967992319353e-01 8.937947579300192791e-01 -4.438684315863279828e+00
-3.590617534271510758e-01 9.320493961962420526e-01 -4.076085470731066529e+00
-4.471344458389861498e-01 9.105935096011156249e-01 -4.156167514485786363e+00
4.689947828417239672e-01 8.863718940837280735e-01 -4.366802976611927178e+00
4.398286217591235725e-01 8.770901508055074514e-01 -4.482999252150627001e+00
3.803059362094238227e-01 8.799116456677589238e-01 -4.587403530732953705e+00
3.155395945529723689e-01 8.767901249586981249e-01 -4.687665733598651130e+00
1.859585234162414391e+00 -3.734775428641150530e-01 -2.412277561197369469e+00
1.865132951977705122e+00 -3.738460265091077539e-01 -2.366810310702819553e+00
1.870695763984987270e+00 -3.734155313299915568e-01 -2.322055314854342800e+00
1.874823858550635380e+00 -3.685314752409072914e-01 -2.276063889032907461e+00
1.855679968543212599e+00 -3.736085516974698706e-01 -2.443875861345089717e+00
1.853573479273219471e+00 -3.745103042396091264e-01 -2.460051429416817204e+00
1.847724583321552538e+00 -3.743269355199560500e-01 -2.507772690843524277e+00
1.827849622320122824e+00 -4.525647726751646505e-01 -2.579595135955510710e+00
1.923302693875456493e+00 8.314434420119358026e-04 -2.116619189232069154e+00
1.930178504952016150e+00 -1.152721725050342115e-02 -2.001210312082362996e+00
1.938286222013763771e+00 -3.644707188954654509e-03 -1.885512268700233474e+00
1.946098968926851080e+00 -1.141466215706893588e-03 -1.768372305256944221e+00
1.917377717524059166e+00 2.714936104414509763e-02 -2.112774021386436107e+00
1.917012134629997977e+00 6.090134287384603440e-02 -2.002226390697905867e+00
1.871009441031699971e+00 2.837055749407823568e-01 -1.899343051225436119e+00
-6.501590419126559439e-01 8.440603739297953823e-01 -4.473763100105094814e+00
-6.466814753212934974e-01 8.274983797258472773e-01 -4.592421944368581421e+00
-6.415916965147814288e-01 8.112271306416182215e-01 -4.711591738322999490e+00
-6.366921456611528418e-01 7.949417299240847390e-01 -4.830563411376659566e+00
-6.502734771012494974e-01 8.446837168303955590e-01 -4.469322645037088648e+00
-6.469853311937624474e-01 8.289597316588079856e-01 -4.581956682310255324e+00
-6.941240061159373864e-01 8.025486591721959773e-01 -4.689504813414257178e+00
-7.700287144999191646e-01 7.721310078793571785e-01 -4.777851188288931183e+00
-1.111926798637357550e+00 7.166301308071996168e-01 -4.057094651195611412e+00
-1.192321042992477986e+00 6.645730104385957349e-01 -4.128306675876673992e+00
-1.276133958832921689e+00 6.090411003702276282e-01 -4.205094804265309349e+00
-1.347013344858484452e+00 5.423853581174936656e-01 -4.276319062151775263e+00
-1.088517410144192343e+00 7.266572426088007131e-01 -4.081960450563105525e+00
-1.119610875543951556e+00 6.966969474945206020e-01 -4.193203547863691760e+00
-1.124284272373537341e+00 6.800824467127031259e-01 -4.311395585597977309e+00
-1.116506540237484302e+00 6.709487307411198254e-01 -4.430467920061452070e+00
1.323269361217296103e+00 4.804009195209448801e-01 -4.683484262257988640e+00
1.351192357058655036e+00 4.334721632816357917e-01 -4.802644546586929408e+00
1.371279171575886968e+00 3.954514296379663119e-01 -4.914804407507541661e+00
1.359720046043244368e+00 3.429100487581764889e-01 -5.023127535631280338e+00
1.346543188903178923e+00 4.600261500879364029e-01 -4.666540636527918728e+00
1.414138248581616519e+00 3.804512959554801621e-01 -4.743888386476887042e+00
1.470045398580991591e+00 2.977123495850218515e-01 -4.779863660601861852e+00
1.491138459328407606e+00 2.404882110383084748e-01 -4.790939310039119547e+00
8.338021343173083189e-01 7.582744848097893176e-01 -4.700097090796345078e+00
7.693311306334793542e-01 7.693727666403024079e-01 -4.796687767103787969e+00
7.017227339702317712e-01 7.761019165880609361e-01 -4.894825442629255008e+00
6.567374332976958495e-01 7.729159926578383910e-01 -5.004869233668755690e+00
8.110647342139526428e-01 7.710800135596943550e-01 -4.675790135430030858e+00
7.051666918841117404e-01 7.968085043967624292e-01 -4.718693122054148148e+00
1.156680698203641722e+00 6.018593404144884085e-01 -4.755619552268727013e+00
1.144429897364910964e+00 5.844453295254778968e-01 -4.873196072899284026e+00
1.131594425320157304e+00 5.683635989525561705e-01 -4.991254326792303075e+00
1.095049234483732370e+00 5.727788060874627885e-01 -5.105915804223919885e+00
1.129015457273260026e+00 6.172150391216726373e-01 -4.751587778126830308e+00
1.066031442170890076e+00 6.364986060298689630e-01 -4.852165846989258569e+00
9.817755385527739964e-01 6.635764056540509603e-01 -4.932867352116355519e+00
8.835379733825090565e-01 6.935818199333164680e-01 -4.994082296137240640e+00
5.293133948496741015e-01 8.339608381781328239e-01 -4.738650445856809945e+00
4.748182167875109605e-01 8.337475068957320712e-01 -4.845728645011250002e+00
4.402318600937308868e-01 8.261292497730773343e-01 -4.960199561926613043e+00
3.755998907134555087e-01 8.253130514188029565e-01 -5.060833366554520651e+00
5.621430382000007775e-01 8.256649488406406778e-01 -4.749042647191416222e+00
5.722866663403236576e-01 8.089045753327699373e-01 -4.867481219422231220e+00
1.731189469061407138e+00 -3.712454741496170607e-01 -3.468843336692319923e+00
1.703353425136759025e+00 -4.599428176276099123e-01 -3.538190004398703348e+00
1.678691214311137214e+00 -5.497435981987844889e-01 -3.609299561842471249e+00
1.634365315988611345e+00 -6.333205339594403238e-01 -3.677434337873600079e+00
1.733804671657153351e+00 -3.876875435950897786e-01 -3.439106683017896682e+00
1.713620249989134869e+00 -4.981820995898594839e-01 -3.446108629093272757e+00
1.683104577147511050e+00 -6.029453746578329332e-01 -3.421282450772093142e+00
1.648033084471404175e+00 -7.025398688449497886e-01 -3.381396627121194154e+00
1.651061665751174079e+00 1.982348712871129237e-01 -4.023548398874883247e+00
1.621407481386507143e+00 2.267355275677590543e-01 -4.135204783236389403e+00
1.599908149446728656e+00 2.248553716288716475e-01 -4.251857379954929073e+00
1.588306739656159206e+00 1.968330889946377227e-01 -4.365903033844036329e+00
1.678317447051369538e+00 1.029029189532378596e-01 -4.030413709851178083e+00
1.676951350236348892e+00 3.684087162448407282e-02 -4.143232689935655522e+00
1.668763811545101339e+00 -1.825602054277704681e-02 -4.242138227907591208e+00
1.650738668403648690e+00 -4.679619562342544198e-02 -4.325120266912310996e+00
1.718650328308928499e+00 -5.901309139525375003e-02 -3.901035779198157805e+00
1.704237458858954390e+00 -4.596434757584293151e-02 -4.008026313180267586e+00
1.717945117793754806e+00 -4.999475831845157092e-02 -3.912820524250076648e+00
1.703057310096470989e+00 -3.386186656853554244e-02 -4.025411166491084103e+00
1.417703356112091306e+00 4.639194911217326966e-01 -4.311440749076854040e+00
1.470181526128662375e+00 3.929074663263825706e-01 -4.396796169005218857e+00
1.508711658128466748e+00 3.357041817975326414e-01 -4.495622686392957590e+00
1.512903847116311651e+00 2.869280081500706348e-01 -4.608492836329975972e+00
1.396126878086345169e+00 4.809600761706208094e-01 -4.330864556010177502e+00
1.405921383542950487e+00 4.455991361224703184e-01 -4.445942130132878312e+00
1.549275942288641517e+00 3.411103382656539007e-01 -4.257157971677361097e+00
3.740534919854045931e-02 8.969882710307288676e-01 -4.666548867991923366e+00
6.792198681232769486e-02 8.804974433057186634e-01 -4.780495394413867949e+00
9.800547867529267598e-02 8.639602460725933630e-01 -4.895011529137541118e+00
1.011360988548385687e-01 8.490190496224456762e-01 -5.013836924757949731e+00
1.858921647986653191e-03 8.986254406121108040e-01 -4.670851594420268427e+00
-3.548774600324452327e-02 8.864429010559571331e-01 -4.783789609559740086e+00
-9.910208826288122164e-02 8.717441161673054051e-01 -4.883998781011688273e+00
-1.761889423907138097e-01 8.539003802518350117e-01 -4.973223413323005104e+00
-3.589900318698028836e-01 8.857604362380819829e-01 -4.556272054166911722e+00
-3.663011668988572223e-01 8.743609897828060751e-01 -4.672503716005544483e+00
-3.735064329376385217e-01 8.602888156775048145e-01 -4.788750668242023778e+00
-3.798833228891707048e-01 8.406021516646323688e-01 -4.903794287522946327e+00
-3.581561745807958497e-01 8.870495608065723792e-01 -4.543140686251746274e+00
-3.638017250518303380e-01 8.783043381497378510e-01 -4.632242288978614120e+00
-3.680372334005928003e-01 8.717567929126749382e-01 -4.698936800876449382e+00
-3.735019292396238311e-01 8.611296657307543345e-01 -4.783639290515962372e+00
2.476927560615716506e-01 8.687643596026219939e-01 -4.785665330354824221e+00
2.219331240527235016e-01 8.734391975640580785e-01 -4.761579519980871922e+00
1.876741278859004547e+00 -3.689039430965264654e-01 -2.239603573886775667e+00
1.880437637146474161e+00 -3.683533242241522343e-01 -2.175776189387688131e+00
1.885305990171074697e+00 -3.675890089579172959e-01 -2.091910384815582891e+00
1.906948150117543372e+00 -2.938858891573963295e-01 -1.994926444441118774e+00
1.878598305805859292e+00 -3.683892328180066178e-01 -2.208749414785368348e+00
1.882737318122876147e+00 -3.675498400052794601e-01 -2.138413112248891856e+00
1.901396149987803819e+00 -2.945308128742619713e-01 -2.057988054537227551e+00
1.906155124874142848e+00 -2.947836222190977074e-01 -2.003066229498740469e+00
1.803434470170450776e+00 -5.102714712606989389e-01 -2.671775171362975598e+00
1.771601878047029288e+00 -5.666472173315789673e-01 -2.765714837852526031e+00
1.739676629795730234e+00 -6.243913022765874565e-01 -2.861589773238039758e+00
1.666103321587375730e+00 -7.835345457994477014e-01 -2.949086789623696525e+00
1.797742461183062801e+00 -5.341842868507400421e-01 -2.648250442237166880e+00
1.754932816452503985e+00 -6.287781670002815515e-01 -2.688330746203256183e+00
1.618764852412175603e+00 -9.371195743804919820e-01 -2.723760949916741669e+00
1.621289031373856604e+00 -9.401590063454768886e-01 -2.694780999813100486e+00
-6.202862884478790306e-01 7.859583226994889538e-01 -4.949076757648805724e+00
-6.052719756295675824e-01 7.763434568467705299e-01 -5.072034461229327107e+00
-5.894964661384628490e-01 7.672528909417059007e-01 -5.191801519727592407e+00
-5.833172895239380207e-01 7.504068511834702804e-01 -5.308951001501438505e+00
-6.551702320334209517e-01 7.777580771791160474e-01 -4.947868177843147919e+00
-7.043789274057012939e-01 7.543598545573567682e-01 -5.054846832163958581e+00
-7.731821228786017741e-01 7.116964733471595750e-01 -5.142937899351169406e+00
-1.008928953053654931e+00 6.016178613646467888e-01 -5.255607087624222018e+00
-8.472427834030855642e-01 7.339555814683611512e-01 -4.860069783857721148e+00
-9.174361978449353527e-01 6.879465028225755230e-01 -4.941408594130645149e+00
-1.001942051197646011e+00 6.375692018932801464e-01 -5.017651420347482905e+00
-8.673154554467624733e-01 7.299903426754464908e-01 -4.831027478260293329e+00
-9.685514632236659205e-01 6.793853478586239225e-01 -4.850727022720437098e+00
-1.073260066726765993e+00 6.321666832377356160e-01 -4.843292060004547039e+00
-1.163425929642374346e+00 5.798802026344225258e-01 -4.810381699772221076e+00
-1.388638796324001889e+00 4.842079848113982066e-01 -4.354156063403592292e+00
-1.419271666093040896e+00 4.412178857120496733e-01 -4.427392405305615952e+00
-1.466756992686095051e+00 3.789810861006906451e-01 -4.514037780824232904e+00
-1.478226017299554274e+00 3.540965338753122582e-01 -4.595239814408177637e+00
-1.404677117534341546e+00 4.735003626863657500e-01 -4.324249558565456120e+00
-1.544312280053648179e+00 3.230649291823281533e-01 -4.376409463790684740e+00
-1.084111089593238431e+00 6.764328460294302126e-01 -4.541443755160650575e+00
-1.049840252039917932e+00 6.781150836968092843e-01 -4.652824868763602240e+00
-1.082845317154512932e+00 6.767159628229917345e-01 -4.545171020090700509e+00
-1.047718371346587629e+00 6.780084845287307482e-01 -4.658749499604123656e+00
1.368192091348034767e+00 2.987810127152457640e-01 -5.125726399239542985e+00
1.381355910975565093e+00 2.437158866090671783e-01 -5.230708212981212135e+00
1.387305039971921561e+00 1.939509892057898754e-01 -5.332474541545382252e+00
1.377528955770849439e+00 1.470803197443726062e-01 -5.430549598432026670e+00
1.354941842702889421e+00 3.247996559755297330e-01 -5.138616108942964722e+00
1.343422283196668676e+00 3.208501060371710678e-01 -5.256940311232016327e+00
1.299761022050394343e+00 3.288162821359305599e-01 -5.366148366241482393e+00
1.245557996309313520e+00 3.568868976797539561e-01 -5.467022337326586268e+00
1.508679004259075418e+00 2.082321288803214987e-01 -4.756143367442778214e+00
1.561117638692992360e+00 6.635851406020404353e-02 -4.722399389094927180e+00
1.588282298598490350e+00 -1.173391349018156581e-02 -4.687949319111500479e+00
1.588992668747108983e+00 -8.009159887697098190e-02 -4.645688120878682881e+00
1.501381405391285062e+00 2.105026378402266030e-01 -4.787863639132138083e+00
1.504457844096639629e+00 1.985917091779289545e-01 -4.791432536215180171e+00
1.549125955928274179e+00 8.558409167265801365e-03 -4.869687812444709607e+00
1.537133314126788219e+00 -3.580759251506435842e-02 -4.922717105372625745e+00
6.102792433173636066e-01 7.692915166942951855e-01 -5.114232291042508649e+00
5.639965117552305784e-01 7.634072464175394312e-01 -5.223837071574063629e+00
5.156693011871901211e-01 7.554658331392805071e-01 -5.333046372929324264e+00
4.887031534870742711e-01 7.415992462511752370e-01 -5.448897385722250242e+00
6.438025987150114426e-01 7.611462498683041478e-01 -5.122873602678808425e+00
6.623355862313951015e-01 7.387900893252058454e-01 -5.238930290124604205e+00
7.069672855912086940e-01 7.094205417752339482e-01 -5.345636851601775597e+00
7.726530561069195890e-01 6.652752438618456665e-01 -5.446967290374207238e+00
1.039715635108159342e+00 5.893476770452049651e-01 -5.219457093654683355e+00
1.038420091379878674e+00 5.708445469811307404e-01 -5.325349781232125324e+00
1.035755647418465708e+00 5.455511107366398660e-01 -5.431797441973462703e+00
1.029046924681788377e+00 5.167892845703035976e-01 -5.530383094067798488e+00
1.039521771792381699e+00 5.929543504876365612e-01 -5.199849471383720889e+00
1.038778468293340751e+00 5.816147821508633742e-01 -5.264628105828528248e+00
1.039005076863295018e+00 5.669705798424802268e-01 -5.345538500169716656e+00
1.035822939845147062e+00 5.432413506121009927e-01 -5.438653323733987577e+00
8.099327049524904787e-01 7.078209216696741413e-01 -5.092497913385411579e+00
7.884315499774504632e-01 7.201761368613391889e-01 -5.069461425023058965e+00
2.819051671945832505e-01 8.237794479879708698e-01 -5.134429557495007401e+00
1.888457453077603820e-01 8.202976720737373828e-01 -5.208285327957389299e+00
1.196639043459283985e-01 8.088684824589497113e-01 -5.302801816129263379e+00
6.755418438756610744e-02 7.942598738129993396e-01 -5.407246475221490378e+00
3.074952022252183115e-01 8.193146589546795866e-01 -5.158859347578099275e+00
2.680662419402964902e-01 8.080305310609035008e-01 -5.271085624655048818e+00
2.580146315536424595e-01 7.917023794336172093e-01 -5.388952474527727077e+00
2.750940526113019868e-01 7.758129421616376531e-01 -5.506035512499941831e+00
1.585411968683845041e+00 -7.159826186836918405e-01 -3.762122432287355434e+00
1.542085380666487149e+00 -7.864208522594389184e-01 -3.842908940334138546e+00
1.496477013388519239e+00 -8.456483788747228836e-01 -3.918176426662566048e+00
1.444454475976980845e+00 -8.984140698957505666e-01 -3.990720360337184580e+00
1.583125903352357922e+00 -7.353231547588022776e-01 -3.733967481477199257e+00
1.534916385701183605e+00 -8.295129776299974278e-01 -3.754542196702868928e+00
1.483303894449474303e+00 -9.171390742915486172e-01 -3.737966179712230108e+00
1.430012066806666926e+00 -1.002657409770854047e+00 -3.704745989444825582e+00
1.614199288781477781e+00 -7.946749841874312104e-01 -3.308964879077379795e+00
1.625735850321701648e+00 -7.950347699799381607e-01 -3.246951428922103755e+00
1.639249987046199841e+00 -7.942255836018567994e-01 -3.177665988977737666e+00
1.649190290766574307e+00 -7.926890946443361230e-01 -3.109614858441988261e+00
1.608169881480715491e+00 -7.953811737796887549e-01 -3.338935059095786251e+00
1.467749571427640509e+00 -1.040417324158721346e+00 -3.359418097946386350e+00
1.467534681196547064e+00 -1.043615397589251925e+00 -3.343638697624032208e+00
1.467772686640142377e+00 -1.045614810449642995e+00 -3.330476739620040760e+00
1.599082652977687369e+00 9.722323591504208884e-02 -4.479914173823742018e+00
1.606405958436487813e+00 8.086837986923881005e-02 -4.467039825050701296e+00
1.616189196187801880e+00 3.113318115209694984e-03 -4.548234188676579137e+00
1.629534237959731069e+00 -1.051408180535474968e-01 -4.405768305673008811e+00
1.602974478001192971e+00 -1.601529587781108377e-01 -4.492844398073016166e+00
1.632412332019268053e+00 -1.223259905099089162e-01 -4.377622749749537689e+00
1.614901062209016969e+00 -2.033940313691393886e-01 -4.402010553691670047e+00
1.593894865144092732e+00 -3.274607916276309205e-01 -4.400505743147565596e+00
1.576843322281721527e+00 -4.425487540773029860e-01 -4.387687750622784044e+00
5.168076619049338100e-02 8.387069098844104342e-01 -5.122905381839541583e+00
2.408179040411505614e-03 8.235055943015541224e-01 -5.230891538659918183e+00
-7.688813065223089327e-02 8.120650441308966405e-01 -5.320121153057089103e+00
-1.763372989507619448e-01 8.024036129244819238e-01 -5.384692264225276581e+00
8.591926372980501769e-02 8.355838330058837915e-01 -5.132070722071390811e+00
-2.580016488638293692e-01 8.303872798798730415e-01 -5.055873416380618046e+00
-3.460354568191980618e-01 8.060490169782128511e-01 -5.145912056052974748e+00
-4.218756058446677670e-01 7.844546441077016041e-01 -5.240501136211081601e+00
-4.649606045686469624e-01 7.643328224627904399e-01 -5.348139674384285058e+00
-2.793977336223120722e-01 8.324486814395607448e-01 -5.027544821270043762e+00
-4.009321604870604294e-01 8.130247350621897517e-01 -5.056008197058170950e+00
1.621121766241758744e+00 -9.519996751087235198e-01 -2.631912695883559472e+00
1.622405238625202584e+00 -9.623971599580642966e-01 -2.549358319819790886e+00
1.623898315253202052e+00 -9.744899211534595596e-01 -2.453339564713444165e+00
1.597573806718582068e+00 -1.030584439383555706e+00 -2.353594933524794097e+00
1.620660955394483516e+00 -9.482986341645424089e-01 -2.661346915833326054e+00
1.621059488519029701e+00 -9.515014929628466955e-01 -2.635877786039141135e+00
1.621238192330319405e+00 -9.529399487436179816e-01 -2.624442674138451004e+00
1.621805924843539914e+00 -9.575329867414339446e-01 -2.587965287550452409e+00
-6.095366057834441520e-01 7.256204262466922073e-01 -5.420236188707158398e+00
-5.610618045064025283e-01 7.153929817604169905e-01 -5.549451750997402399e+00
-5.792824973033313674e-01 6.935877225501866361e-01 -5.665220383395606518e+00
-5.958578986045380832e-01 6.689229933367113468e-01 -5.779783963403056113e+00
-5.713204388184159876e-01 7.338005503562240461e-01 -5.424543247362116460e+00
-5.576665381125104348e-01 7.188538722678550208e-01 -5.531610683907197235e+00
-5.715903597876751396e-01 7.021679041763432272e-01 -5.620220229523260613e+00
-5.823503346506520018e-01 6.894625907074588556e-01 -5.687523480465522141e+00
-9.960450635946385134e-01 5.975373411153676040e-01 -5.310583404576559197e+00
-9.769213810766561590e-01 5.915695319101945682e-01 -5.386765712565072306e+00
-1.010149165185630027e+00 5.425993220387275162e-01 -5.488797075157362038e+00
-1.034177658331864036e+00 4.988276484369421615e-01 -5.595600341893375074e+00
-1.248788174615837132e+00 5.164171274942088719e-01 -4.777840502977410253e+00
-1.368624148276077479e+00 4.266531666233873143e-01 -4.738238909448408975e+00
-1.445950375479758909e+00 3.583562334299060792e-01 -4.717871491348841317e+00
-1.459995868585908463e+00 3.148240085186763682e-01 -4.726755035744899303e+00
-1.237884814084701635e+00 5.283120223394860426e-01 -4.747668300278011344e+00
-1.340878784515176836e+00 4.647256420760683127e-01 -4.662817175808427805e+00
1.371732601118692330e+00 5.661674698444697784e-02 -5.547181696408408413e+00
1.355010090464804362e+00 2.113553203764825111e-02 -5.647292835341144013e+00
1.330880066979968523e+00 1.778272091716841252e-02 -5.734926948836614358e+00
1.304456308385517627e+00 -3.810949593290414300e-02 -5.839154164432382110e+00
1.213341208425763540e+00 3.377683329949855984e-01 -5.647003778835471444e+00
1.152326255331657112e+00 3.895503673980472148e-01 -5.710607017308046096e+00
1.209382684460422075e+00 3.411015705482405291e-01 -5.653083514175005320e+00
1.136881420696260969e+00 3.968905150696883100e-01 -5.721633023381856198e+00
1.054422094045166736e+00 4.331521152864471480e-01 -5.797908611801616985e+00
9.711808013032237064e-01 4.702309930936394711e-01 -5.872092094819287844e+00
1.577113321651397948e+00 -1.471841247897417160e-01 -4.653092577834491372e+00
1.553243723702125934e+00 -2.891683622912221696e-01 -4.659812473896952412e+00
1.533522337799102964e+00 -4.012045825192622206e-01 -4.671361987162019780e+00
1.500308636718705069e+00 -4.914141085051086377e-01 -4.707950047775311120e+00
1.581677760949839140e+00 -1.450446602526202500e-01 -4.623360461834417734e+00
1.523799183806505919e+00 -6.956977491317879736e-02 -4.970020685173771824e+00
1.510111063735308790e+00 -9.067370553844031345e-02 -5.025095510996886006e+00
1.493574669797980814e+00 -9.933587348026132191e-02 -5.087074973408736156e+00
1.476563919263841340e+00 -9.796106566340637145e-02 -5.156532731899752697e+00
1.520656638833888685e+00 -5.144656389290034465e-02 -4.994356498599427319e+00
1.502678805843845389e+00 -3.861082632110084817e-02 -5.081770620681892225e+00
1.481668160554843849e+00 1.113720405062647301e-02 -5.174060051705613894e+00
1.444983797405191117e+00 5.295431385276776204e-02 -5.271944683246699626e+00
4.575646066424172709e-01 7.275353744476114048e-01 -5.563571227055447821e+00
1.867419441841469963e-01 7.467481648581104636e-01 -5.741729881470094554e+00
2.113948606849277434e-01 7.287205454323053555e-01 -5.841325356485329579e+00
2.346252180969122247e-01 7.035654347437741984e-01 -5.940974464151980605e+00
5.303297620639570997e-01 7.080533258216410442e-01 -5.584345611496416950e+00
5.828921590319117163e-01 6.749607118292780816e-01 -5.704687963904305548e+00
6.310480413811293543e-01 6.472647587525259816e-01 -5.814637395321149427e+00
6.743828577539807689e-01 6.094547615960180798e-01 -5.917475692987253844e+00
8.333524797302218623e-01 6.288383447080471145e-01 -5.512663681048119990e+00
8.582299478353023758e-01 6.054969947502798489e-01 -5.561652755162212358e+00
8.612302370177937760e-01 5.887289964298255684e-01 -5.607025812385593611e+00
8.419583050848450378e-01 5.794162389373541666e-01 -5.680233386982462385e+00
8.137371822246994846e-01 6.332565228364541721e-01 -5.538609420237171399e+00
8.061736750623765824e-01 6.130138704291933083e-01 -5.630107649109239887e+00
7.739264573647262058e-01 6.070797023245794177e-01 -5.733446428024288721e+00
5.332807532948554384e-03 7.818003542678886308e-01 -5.509316441423707467e+00
-5.636265602754646914e-02 7.694493249803839863e-01 -5.611076152034710773e+00
-1.179232838086265583e-01 7.531150393368054585e-01 -5.712377700278695514e+00
-2.006733559465296302e-01 7.361806281379381645e-01 -5.796001492571377867e+00
3.807276659752406589e-02 7.792412363712901691e-01 -5.522775383356842482e+00
1.565291704082555080e-01 7.643775272021575695e-01 -5.613853432592084580e+00
1.391011490952322127e+00 -9.483451871384698251e-01 -4.084762094918568565e+00
1.375201262118902257e+00 -9.471247033674842219e-01 -4.189670820204803192e+00
1.353296969170035391e+00 -9.543722375175235362e-01 -4.296413914623927077e+00
1.330782356085943308e+00 -9.618124126845664090e-01 -4.406171348409365862e+00
1.380089225441780920e+00 -9.699646725112742729e-01 -4.060226672229615197e+00
1.312885486700741566e+00 -1.058803390364292163e+00 -4.100081479481632485e+00
1.238793687009326128e+00 -1.142590185013216741e+00 -4.132120882580838206e+00
1.158054864379542304e+00 -1.219504529283452099e+00 -4.149021161839391958e+00
1.458568991439250562e+00 -9.855046214286128370e-01 -3.627199702243990576e+00
1.464264013174699786e+00 -1.005685594682617978e+00 -3.533251093043767721e+00
1.456792859290393372e+00 -9.792661500304852273e-01 -3.656315456119544560e+00
1.457355264083227908e+00 -9.810292664804064477e-01 -3.647801943464345609e+00
1.455787855725041435e+00 -9.755457667928113530e-01 -3.673423467357995964e+00
1.390580858450454205e+00 -1.051720004705755107e+00 -3.727430322667554474e+00
1.651410982623028989e+00 -7.914043991611976470e-01 -3.088960758118146188e+00
1.468115303317339082e+00 -1.052249946510695811e+00 -3.290757829617380281e+00
1.468439596962460625e+00 -1.063717148564368831e+00 -3.224484846959966511e+00
1.476513090327493671e+00 -1.085165975737835575e+00 -3.034413006193470874e+00
1.431953104446408664e+00 -1.164830066830891298e+00 -2.968103507637913641e+00
1.467965473339014837e+00 -1.046370523177815315e+00 -3.324591514326634467e+00
1.468076328833060717e+00 -1.050961636804431443e+00 -3.298225920691413293e+00
1.468064724150282219e+00 -1.050998537288305945e+00 -3.298124646370224511e+00
1.467984656637491447e+00 -1.046591992667680548e+00 -3.323197170686611912e+00
1.548046890296776334e+00 -5.488129254366662657e-01 -4.385362289970127669e+00
1.504621264647696854e+00 -6.523336811779534283e-01 -4.382439512429127326e+00
1.453316384269061956e+00 -7.540827132031805435e-01 -4.371707109222980669e+00
1.555301375254809271e+00 -5.436172423508800478e-01 -4.351007627789079457e+00
1.534138679602634170e+00 -6.286092804812785095e-01 -4.279501481051472211e+00
1.522665199133125036e+00 -6.966887948847512169e-01 -4.186634495707611592e+00
1.515616379162452398e+00 -7.566229001097400930e-01 -4.085707186582489214e+00
-2.897398101255165281e-01 7.828442582032065777e-01 -5.415782443355783293e+00
-2.747900974382777584e-01 7.808330823577158686e-01 -5.447504269526445952e+00
-3.506169596706961711e-01 7.538350479865365550e-01 -5.534378698474918146e+00
-4.553595833370698842e-01 7.470300343699356471e-01 -5.465507024596367280e+00
1.583791097987667484e+00 -1.067295735286728053e+00 -2.242130827594700726e+00
1.568015687201063324e+00 -1.101860459714659068e+00 -2.129642150781531740e+00
1.553186544127589386e+00 -1.136236505022925725e+00 -2.016536422156266717e+00
1.585848148559020121e+00 -1.116069126875028905e+00 -1.851202334166595520e+00
1.563495315937045493e+00 -1.090892490644009838e+00 -2.257415976723330164e+00
1.510913704741880803e+00 -1.164459668139802728e+00 -2.182790033970243293e+00
1.445369285484869426e+00 -1.249218631010101666e+00 -2.133449997211271487e+00
1.375686891129882738e+00 -1.337413044643381621e+00 -2.098699916285892808e+00
-6.100584978574996597e-01 6.350162510248755776e-01 -5.893142718781621880e+00
-6.255709803407967229e-01 6.005338395075670022e-01 -6.006502348846556316e+00
-6.371248834993932242e-01 5.677549789823979065e-01 -6.119996620081074923e+00
-6.488872105520738787e-01 5.363191315985273988e-01 -6.233054172510994029e+00
-6.100783950621506690e-01 6.359785830706324861e-01 -5.889165572480471234e+00
-6.243118395021108880e-01 6.035280573077173027e-01 -5.996501129067634217e+00
-6.822745376154284447e-01 5.565224480432467979e-01 -6.084887268837949392e+00
-8.175657536235692024e-01 4.781508019758343164e-01 -6.167944847351169990e+00
-1.106801658178464320e+00 4.205541888843661313e-01 -5.712651105113939920e+00
-1.132840290214583989e+00 3.680212629132715851e-01 -5.805670251747823585e+00
-1.132515568867374700e+00 3.050741186941774985e-01 -5.890560884003297026e+00
-1.255905062418581464e+00 -1.474690423033618233e-02 -6.012753513078258116e+00
-1.086998646069990748e+00 4.308562394563255626e-01 -5.728839956341792217e+00
-1.088357201049933387e+00 4.018828690824209349e-01 -5.852913145758884106e+00
-1.045274093358172784e+00 3.961847920612768803e-01 -5.963728527034780846e+00
-9.907653226294301785e-01 4.091658174730844477e-01 -6.069162633418224040e+00
-1.458345692299831020e+00 3.039941171095196792e-01 -4.754896941190111193e+00
-1.447874389214688140e+00 3.025743541668078906e-01 -4.808096941118860101e+00
-1.431865666748922683e+00 3.046425226892150451e-01 -4.883864246115775742e+00
-1.412692466204018560e+00 3.066001648711607630e-01 -4.975660729301556451e+00
-1.453114483587505612e+00 3.051377355225620702e-01 -4.778022623620795883e+00
-1.441611523522024152e+00 3.017231401151598824e-01 -4.840848668795632470e+00
-1.426838638202523990e+00 3.004540677991007769e-01 -4.916838743401972245e+00
-1.407745319725037580e+00 3.101075063947865695e-01 -4.993659408787801013e+00
1.275566360726408721e+00 -6.163446436261457717e-02 -5.929221153518981602e+00
1.249560775749145813e+00 -5.657357696127109092e-02 -6.017448890094694747e+00
1.218125250541785221e+00 -3.835986160419904700e-02 -6.110252887455030368e+00
1.186730675809881008e+00 -1.373559164017324093e-02 -6.208233681694449224e+00
1.272433654384224067e+00 -4.701992288602193509e-02 -5.945233010903831605e+00
1.240145210465260828e+00 -2.830824996496388024e-02 -6.052973064184905105e+00
1.205265653440667162e+00 -5.155577258178249342e-04 -6.162012480817687710e+00
1.165936803680475142e+00 2.324445969540608892e-03 -6.269679618732241444e+00
8.919141048411374229e-01 4.896664268669216891e-01 -5.953088153395306392e+00
8.110515909448646754e-01 5.094412656931146532e-01 -6.034410675014870939e+00
7.544683368768201337e-01 5.127996073004945643e-01 -6.139470832462791350e+00
7.174797416905378533e-01 5.051764247424764820e-01 -6.252740684610369470e+00
8.749611952570384155e-01 5.050524315199145242e-01 -5.927199576570473027e+00
1.455905089871036395e+00 -5.773492007597889053e-01 -4.753937839788022757e+00
1.476008598129299632e+00 -5.120954480249558793e-01 -4.772401666850172752e+00
1.456903307112949353e+00 -5.087821321243991557e-01 -4.852260086474140977e+00
1.442865321448647764e+00 -4.813716339058324856e-01 -4.952763416105509187e+00
1.433877801700142118e+00 -4.441957615369597212e-01 -5.061741629235744888e+00
1.445656331309882914e+00 -1.775793278384664164e-01 -5.240307124349168788e+00
1.414650882345452887e+00 -2.573640044330882670e-01 -5.324392409682690008e+00
1.376815575204447306e+00 -3.361013421621667496e-01 -5.406810721905773498e+00
1.333412045916567923e+00 -4.098435763504811313e-01 -5.488576477847102453e+00
1.426483349973590720e+00 2.046398548911074547e-02 -5.387795193312210351e+00
1.434375933490991573e+00 2.814821246027672530e-03 -5.377471974626672591e+00
1.416180659016538668e+00 -2.028069440944726617e-02 -5.444448382645677320e+00
2.564896128848714874e-01 6.800294662112127408e-01 -6.034119509431688400e+00
2.254844055213665877e-01 6.595764804988151209e-01 -6.149878575078887799e+00
2.005144813135908977e-01 6.383857106036385787e-01 -6.266160395860783439e+00
1.789153889439691336e-01 6.181556822871168144e-01 -6.382948458951773318e+00
2.600034361174066166e-01 6.762600291140581366e-01 -6.049028865007525013e+00
2.553042356538111068e-01 6.512426591042228541e-01 -6.167489013393757880e+00
2.765547435674936549e-01 6.239330764969777121e-01 -6.282572308541659822e+00
3.294221749610001804e-01 5.946153661436388571e-01 -6.390150583219877944e+00
6.671645490815064639e-01 5.832269143728742167e-01 -6.031669625227449316e+00
6.977841186052974320e-01 5.693352010574135313e-01 -6.025338352124234298e+00
-2.737437206080449714e-01 7.090485831584345533e-01 -5.885621790592584723e+00
-3.453536156166210347e-01 6.810222703184255488e-01 -5.975499041274582979e+00
-4.258321376516133183e-01 6.505300531322408819e-01 -6.068288071224943181e+00
-4.665721311062771548e-01 6.243226370820409432e-01 -6.176177840740453284e+00
-2.971018806362799580e-01 7.094156741395353238e-01 -5.859522089280605250e+00
1.303456546796929461e+00 -9.641318470765155579e-01 -4.509734677649192669e+00
1.271197170957404365e+00 -9.652058261980049902e-01 -4.617311305485603867e+00
1.218486466125836998e+00 -9.926021040967184517e-01 -4.723233745604846767e+00
1.168543675588761266e+00 -1.015875298469701704e+00 -4.830907242927943379e+00
1.300644103005579089e+00 -9.640466693453353386e-01 -4.519600570882740698e+00
1.266606388735212363e+00 -9.652003278532826913e-01 -4.633051715676381299e+00
1.225758143380569765e+00 -9.748828713552496472e-01 -4.746596959528122106e+00
1.198697116672550855e+00 -9.659364399991108296e-01 -4.863665224788649155e+00
1.068654317279324584e+00 -1.291365837023417340e+00 -4.139493525783693784e+00
8.676934903655342257e-01 -1.441227844375807310e+00 -4.166439493041671938e+00
8.610559977992521263e-01 -1.453583007054298104e+00 -4.130949941037812323e+00
8.569582257258888669e-01 -1.464304655729340654e+00 -4.094566953275264432e+00
1.068147529213446800e+00 -1.286416304055674864e+00 -4.173608127740624951e+00
9.848094520278561914e-01 -1.343350477599210224e+00 -4.228855644792019142e+00
8.817687233591818829e-01 -1.403706730022732163e+00 -4.294655310899064382e+00
8.061800523500108895e-01 -1.434271772425767422e+00 -4.377331009172597653e+00
1.320966837555292761e+00 -1.134882411042202222e+00 -3.762898943516688188e+00
1.245063965846155529e+00 -1.213852542770066822e+00 -3.797579459656968304e+00
1.154483963125012558e+00 -1.278904768556142546e+00 -3.829915551031132903e+00
1.066478663649201186e+00 -1.349778294966660130e+00 -3.827856588031701257e+00
1.327075172612967036e+00 -1.121770871426271743e+00 -3.793781427378435378e+00
1.271417741275471913e+00 -1.169699914200765134e+00 -3.883420100857553070e+00
1.225363522565644292e+00 -1.191782178066336462e+00 -3.987923559461088896e+00
1.373227090070822998e+00 -1.231365225105346628e+00 -2.903219472649463118e+00
1.311273208059629214e+00 -1.300991256911692817e+00 -2.837825849778848220e+00
1.169645660136956922e+00 -1.427264962375717205e+00 -2.886222751908670503e+00
1.106858895760874484e+00 -1.496189881252508735e+00 -2.812209922566333287e+00
1.369231633325046493e+00 -1.235783982667948422e+00 -2.899388082252790877e+00
1.305215421631539252e+00 -1.307791149955224386e+00 -2.831475285502785155e+00
1.163152313629612467e+00 -1.434366862298009693e+00 -2.878805613490295290e+00
1.100516062221671199e+00 -1.503143260281179616e+00 -2.804819239011964171e+00
1.551438068250036162e+00 -1.172889207618863949e+00 -1.755320353264588906e+00
1.511076362930427353e+00 -1.227917608753482437e+00 -1.659283640094099788e+00
1.479013620639584969e+00 -1.274506357766082898e+00 -1.554079555401196355e+00
1.521104056919897252e+00 -1.235922473582736769e+00 -1.465143166699777177e+00
1.555040022005884204e+00 -1.167896906042431349e+00 -1.764710139316967741e+00
1.522182736934831748e+00 -1.212824856397058726e+00 -1.685212623510075725e+00
1.495220220849416748e+00 -1.249643796839677190e+00 -1.620467158962037857e+00
1.515757728177510311e+00 -1.238123842315602019e+00 -1.503589378354821093e+00
1.299502724122614028e+00 -1.416914939565128817e+00 -2.061472997413019037e+00
1.213654387266644319e+00 -1.486739520858057828e+00 -2.022193744007723559e+00
1.128274993258298275e+00 -1.556286352523519767e+00 -1.982246934093121471e+00
1.042921975233582543e+00 -1.625802064797753577e+00 -1.942394448543550700e+00
1.292620447469017053e+00 -1.418104044460721358e+00 -2.096345870277477985e+00
1.201757248151215096e+00 -1.483641203682149579e+00 -2.125585119472606088e+00
1.120152152479886087e+00 -1.538855223628040170e+00 -2.183431600037784470e+00
1.042122604442249800e+00 -1.590016492196066444e+00 -2.252897210295053743e+00
-8.097114345940209512e-01 4.361422479958056431e-01 -6.379600964709589483e+00
-7.937885948966075800e-01 4.210738656620987008e-01 -6.481665194410707542e+00
-6.443641835210848212e-01 5.135429828861499679e-01 -6.348337441045669216e+00
-7.707583287723516197e-01 4.265598063656619310e-01 -6.502013007564270808e+00
-7.380866229573826987e-01 4.062826966938771212e-01 -6.613947848895529447e+00
-6.934975396235686373e-01 3.877276432483723334e-01 -6.722413409500299863e+00
-9.051185501608520756e-01 4.278025120189536401e-01 -6.228185906050988763e+00
-9.404796387314819928e-01 3.536975087318187660e-01 -6.268130712254500914e+00
-9.900279822382450634e-01 2.734200510971938058e-01 -6.283752675900382556e+00
-1.133738934264009623e+00 1.031363590126522199e-02 -6.344521043100582958e+00
-9.191580254377881287e-01 4.287933432349606000e-01 -6.195556517327781343e+00
-1.383309883818877983e+00 3.223213601164163777e-01 -5.092239901060693796e+00
1.126580353159378989e+00 3.553380975552605792e-03 -6.378326102048899493e+00
1.121542704404858481e+00 2.065889035622458375e-02 -6.374933760972855801e+00
1.082691642217687988e+00 4.435356784560082199e-02 -6.458502443397661885e+00
1.028880866659309889e+00 4.987053040440932866e-02 -6.550681706232023060e+00
9.820372546888964660e-01 5.117005082908569757e-02 -6.651331661865791389e+00
6.846707585527584961e-01 4.939253361469855275e-01 -6.364048566378087912e+00
6.518787201270176412e-01 4.771521515983734862e-01 -6.475274538394739210e+00
6.100231844245775914e-01 4.628181836838018426e-01 -6.586730602778226640e+00
5.687209410158795553e-01 4.465862161155431109e-01 -6.698240398584950128e+00
7.153947360317817195e-01 4.792940450967425048e-01 -6.368922698883187294e+00
7.408861362617272794e-01 4.375829572746805507e-01 -6.479266338547362558e+00
7.902529024555601245e-01 3.870305314885795767e-01 -6.577610719767180925e+00
8.124797287377573118e-01 3.162051662572099020e-01 -6.649447524183688785e+00
1.415304810513271283e+00 -4.287404156796117971e-01 -5.175789899144045414e+00
1.395712693631465440e+00 -4.140213347259230070e-01 -5.289843980391126799e+00
1.404057079444955614e+00 -4.583694819758982186e-01 -5.174237008034570096e+00
1.363195427717978525e+00 -4.939999163432778340e-01 -5.272257040314220156e+00
1.315622562235828630e+00 -5.424777365073861768e-01 -5.359014820569777626e+00
1.263599842309625743e+00 -6.152816023064012763e-01 -5.436772163581767181e+00
1.289665896512556031e+00 -4.812721490893435705e-01 -5.572631105421241848e+00
1.245324705182011327e+00 -5.502041155424098884e-01 -5.657148026049437561e+00
1.191058824024403995e+00 -5.963015442303194469e-01 -5.751337094843389508e+00
1.141058221250554006e+00 -6.278389601945174592e-01 -5.853130117589835812e+00
1.289071046453634128e+00 -4.524313490125702608e-01 -5.590693203155742808e+00
1.259771303519785723e+00 -4.666031785232440665e-01 -5.707093072656583388e+00
1.229358366477355524e+00 -4.421987859570115087e-01 -5.819695226281069722e+00
1.209259208702560429e+00 -3.935484071856137356e-01 -5.927834335786404729e+00
1.414523056165364889e-01 5.972972081092154939e-01 -6.495392541523349550e+00
1.027795321477114471e-01 5.761879877929743099e-01 -6.609416882137558069e+00
6.513234354918603919e-02 5.552500497774109922e-01 -6.722117391498072081e+00
2.839384427131317126e-02 5.239182927135876966e-01 -6.828687511915886077e+00
1.762081960502155931e-01 5.917162505476482037e-01 -6.500348315548042599e+00
2.045508655829923472e-01 5.618764340347731645e-01 -6.615043668654124964e+00
2.608372115334420260e-01 5.279439860737878965e-01 -6.717403962403185602e+00
4.391728171403106451e-01 4.185730322202487752e-01 -6.941222392719947010e+00
3.885513208718284761e-01 5.654990694678715402e-01 -6.492135539219956897e+00
4.453050384242489002e-01 5.324374391426940356e-01 -6.591670098274901690e+00
4.165061101321413939e-01 5.658905179713624722e-01 -6.469698721251703866e+00
5.152525954641459238e-01 5.244694841430175281e-01 -6.517391851907946787e+00
-4.522987648184705889e-01 6.045382480644738710e-01 -6.291551299642980766e+00
-4.345505748466929052e-01 5.777744189987531476e-01 -6.405733749974145574e+00
-4.107052798627368051e-01 5.485869161111908143e-01 -6.535840822154692198e+00
-3.314985623949590621e-01 5.536976722725062139e-01 -6.616769768454370038e+00
-4.840865551636929776e-01 5.945247622292785250e-01 -6.286474785688104028e+00
-5.271179015117497535e-01 5.511317478796756708e-01 -6.382288518223606211e+00
1.130723144613784648e+00 -1.023136290030619344e+00 -4.944939287274817907e+00
1.087253006772730179e+00 -1.037606356115807982e+00 -5.059799189944467201e+00
1.042003766745260407e+00 -1.056602437063031585e+00 -5.170248093400855005e+00
9.884224872979930909e-01 -1.066261836573962007e+00 -5.271516088213727080e+00
1.112607718625195474e+00 -1.050800111191304342e+00 -4.931739360355793522e+00
1.037646517540213198e+00 -1.109957261087334057e+00 -5.014484842484506544e+00
9.489226220129689526e-01 -1.159605582406760371e+00 -5.065782859671328353e+00
8.360909135025141881e-01 -1.232827695861363537e+00 -5.093155646862431496e+00
1.203956249611618290e+00 -9.195383361376650022e-01 -4.975055059684867054e+00
1.209835821606122463e+00 -8.737073884203756524e-01 -5.086958239458327924e+00
1.234801965137530599e+00 -8.125303985540340834e-01 -5.187255687717430064e+00
1.249101503598461171e+00 -7.330997880302809744e-01 -5.272498689756653256e+00
8.530060966370001108e-01 -1.475021636591254071e+00 -4.040609255894477059e+00
8.406221188861803251e-01 -1.492700399589619531e+00 -3.964556239848938013e+00
8.256911874865608958e-01 -1.513945822088637483e+00 -3.873303623547611263e+00
7.602632115975475058e-01 -1.558198179894163315e+00 -3.785112325750521922e+00
8.580925192570699744e-01 -1.467598246977348531e+00 -4.072881582314519022e+00
8.516172120163691961e-01 -1.476983733508456798e+00 -4.032211269731582171e+00
8.414773801597620340e-01 -1.491446838951101972e+00 -3.970016824513400877e+00
8.341357274543943490e-01 -1.502159078133586956e+00 -3.923451791999480687e+00
7.490959851755610854e-01 -1.441121464962214826e+00 -4.478026148529563599e+00
6.952649029448197959e-01 -1.445138239395346913e+00 -4.580412502574801259e+00
6.311070022967963933e-01 -1.453096286462948417e+00 -4.682395192278682394e+00
5.712676062666504073e-01 -1.458730661303884402e+00 -4.783356629695107110e+00
7.273703296950302377e-01 -1.454630176117023721e+00 -4.458537013605096355e+00
6.309403046448790464e-01 -1.486865237155341246e+00 -4.514426520192141190e+00
5.329951362161948758e-01 -1.524862496910689424e+00 -4.544200236725881581e+00
4.309087037742729831e-01 -1.551097415406326840e+00 -4.552584930430683130e+00
9.824923438857029456e-01 -1.420729901289427666e+00 -3.810182614881529428e+00
9.937147241644457285e-01 -1.418128506931765287e+00 -3.778190495286600115e+00
9.389223755582697395e-01 -1.477383637995562271e+00 -3.701907456353754622e+00
8.831743004918753970e-01 -1.527042358242686637e+00 -3.618032267486176679e+00
8.480912519134352623e-01 -1.559826612642582599e+00 -3.515895252063072629e+00
1.032932036403844123e+00 -1.552241169358191453e+00 -2.728547572708004854e+00
9.587934633547066099e-01 -1.602492707934128680e+00 -2.654962739577336528e+00
8.770823265164437998e-01 -1.656250226591692076e+00 -2.585975532314811254e+00
7.996528464475102238e-01 -1.707055758037719695e+00 -2.517136480570913992e+00
1.031914890059883350e+00 -1.552874844314131364e+00 -2.727953186790640139e+00
9.589439565123735187e-01 -1.602479057759556680e+00 -2.654454170106247179e+00
8.959637634438299969e-01 -1.648558981857701111e+00 -2.566688703240078251e+00
8.599889149240439457e-01 -1.682302306985378193e+00 -2.461287602090266091e+00
1.533178649926207671e+00 -1.230933310510982759e+00 -1.378488131210924061e+00
1.544888763573500468e+00 -1.224467491149205944e+00 -1.279781371794930234e+00
1.554227808475588501e+00 -1.213924611952130972e+00 -1.173289475345866473e+00
1.540731523747287390e+00 -1.237230002242329707e+00 -1.053051852681697209e+00
1.535971075749699599e+00 -1.229778303968791731e+00 -1.358459855445340203e+00
1.547646984687326199e+00 -1.221384912113946841e+00 -1.247270285101009124e+00
1.557773421021463101e+00 -1.209913946583859312e+00 -1.133131488808171383e+00
1.553672959752604443e+00 -1.219524508061697654e+00 -1.010655307480617715e+00
9.446009381442513897e-01 -1.683663521401739027e+00 -1.918660209986970289e+00
8.320274996212716490e-01 -1.744257985933974187e+00 -1.896673209562461881e+00
7.395711603393533284e-01 -1.792912820384140460e+00 -1.870869142719053801e+00
6.508663652367644437e-01 -1.823203172643677927e+00 -1.841284365040757764e+00
9.564841027202913848e-01 -1.679406201225426942e+00 -1.885341464861045147e+00
8.647650778135475003e-01 -1.732603192562566230e+00 -1.805282644682432158e+00
8.052294917864235568e-01 -1.771562440223643398e+00 -1.705751415175937868e+00
7.931625536282126410e-01 -1.786207931281386108e+00 -1.593960325257068433e+00
9.640876290827694595e-01 -1.643613627186982562e+00 -2.322656607796984130e+00
9.823689430734876549e-01 -1.627537478413615846e+00 -2.347820364323416342e+00
-6.592580271131311953e-01 3.551290626202344702e-01 -6.832410719479130812e+00
-6.246618468879004960e-01 3.228129010293642742e-01 -6.942648584808722489e+00
-6.401084342872811472e-01 3.812833138390360199e-01 -6.829329410621473251e+00
-5.681485065725883077e-01 3.842916234275274845e-01 -6.919781346294186619e+00
-4.748769508100412762e-01 3.876477011874743805e-01 -6.987103331165891440e+00
-3.791032504060824482e-01 3.921147798996150180e-01 -7.048397886290338477e+00
9.574300989675765816e-01 -1.076740978441480256e-02 -6.771325469386957785e+00
9.093382946393432364e-01 -2.458121712370755010e-03 -6.880635768966167909e+00
9.612025761943634450e-01 -1.528972077283495892e-02 -6.760834383850980345e+00
9.203998971064598633e-01 -8.105352436815625033e-03 -6.853643453840512656e+00
8.835343700928488531e-01 -6.003877001153257523e-03 -6.935323663324470367e+00
8.295309929845524621e-01 1.614881589771652607e-03 -7.023087156972668055e+00
6.343306502588604845e-01 3.807355983391219056e-01 -6.819520915574488917e+00
6.539278828555803447e-01 3.347722546589513293e-01 -6.923881639427943213e+00
6.556787805196980790e-01 2.664679889929655876e-01 -7.006184404331979643e+00
6.623743905701584556e-01 1.943228626519197810e-01 -7.079606711351608794e+00
6.197900112026751840e-01 3.869344138342314943e-01 -6.819981866364221545e+00
6.202864220817740915e-01 3.509599220901589156e-01 -6.927647880191672769e+00
5.881855171318262077e-01 3.203516558768959577e-01 -6.988276755309033028e+00
8.253548314446683687e-01 2.636750135982637300e-01 -6.695235970371521184e+00
8.067930055472871675e-01 2.640937001873480683e-01 -6.733620648997842295e+00
7.878477988971427370e-01 2.207371082294167786e-01 -6.833490254593679758e+00
1.207083074037461179e+00 -7.114416996094663492e-01 -5.478607065766884610e+00
1.140441685385858550e+00 -7.989549841330999547e-01 -5.515698991094309278e+00
1.210134401292001893e+00 -6.931458035311356403e-01 -5.509087622111027649e+00
1.148607023832999952e+00 -7.380759394758754643e-01 -5.595982403606790889e+00
1.098386532610778232e+00 -7.615506619578646941e-01 -5.702412054053422885e+00
1.050898554530026896e+00 -7.891027282688620748e-01 -5.804430243843174964e+00
1.097251862490595586e+00 -6.363649348276962936e-01 -5.962550341920755947e+00
1.050976022530590415e+00 -6.431459652663332749e-01 -6.071136829268468205e+00
9.997323558571270530e-01 -6.480868355139980386e-01 -6.177892494988223682e+00
9.478063122048513423e-01 -6.537001752278032152e-01 -6.285327370509400602e+00
1.087133162294968258e+00 -6.672768939072465377e-01 -5.950843265023887163e+00
1.012598465384626500e+00 -7.203789062380822061e-01 -6.024653457264240508e+00
9.305696366080484783e-01 -7.870398918687266931e-01 -6.073985212785328436e+00
8.467918866272203804e-01 -8.618874030877807790e-01 -6.107185401605265795e+00
1.212446917565680016e+00 -3.148598023058586937e-01 -6.019056165377493883e+00
1.193533811022696067e+00 -2.321764364267117908e-01 -6.102391376556147051e+00
1.122649412881957520e+00 -3.774815675003675430e-01 -6.218884303870250818e+00
1.093203886027348748e+00 -3.656779048069290217e-01 -6.315372226470757688e+00
1.196234175213606310e+00 -3.415671087196922584e-01 -6.034997982300570385e+00
1.140533013489628322e+00 -3.863584034887228014e-01 -6.151175011430032313e+00
1.110349393632660275e+00 -3.710881322488210898e-01 -6.265830234928094100e+00
1.067753512832972262e+00 -3.541814209579413619e-01 -6.373623621663201178e+00
-1.037631302183682214e-02 4.538157325904187966e-01 -7.037129677719408782e+00
-1.091416254199731317e-02 4.538405490535278308e-01 -7.037163531974067965e+00
-1.143422514595535122e-02 4.539252246384029577e-01 -7.037021336113458148e+00
-1.203367980708871382e-02 4.540139285066849828e-01 -7.036883084897037399e+00
-4.501219116560655625e-02 4.578958215374835383e-01 -7.032154612122280213e+00
-1.075597359693621774e-01 4.652112467278717300e-01 -7.023322104961749801e+00
-1.821765359396789741e-01 4.603298479928062403e-01 -7.006376004608919850e+00
-2.702614615040871415e-01 4.442554878506032034e-01 -6.983887768684565955e+00
4.080376804716666639e-01 4.198278090437229659e-01 -6.974718026765158285e+00
3.557855163715391011e-01 4.259678013952742925e-01 -7.018807193784832421e+00
2.963957096848247041e-01 4.215743437392597270e-01 -7.069961983315774745e+00
2.202925963333142167e-01 4.096189230172307405e-01 -7.119340683781058665e+00
4.339210746615061454e-01 4.168336970288274990e-01 -6.952735860124136913e+00
4.084606816283918307e-01 4.198743875123249203e-01 -6.974071732454526718e+00
3.848967866923710401e-01 4.225572834335618588e-01 -6.994212945964925154e+00
3.485420571983254279e-01 4.267823867327993903e-01 -7.025028970243503146e+00
-2.573356538833212470e-01 5.430563181917800186e-01 -6.687597770953982668e+00
-1.763321508340517652e-01 5.310801920271349674e-01 -6.760261728717319230e+00
-2.496056337315991913e-01 5.417587466845432687e-01 -6.695140959790715662e+00
-1.638589670924348318e-01 5.290887392805007083e-01 -6.772030703189037659e+00
8.046352716677873662e-01 -1.192839762935258063e+00 -5.353639715397742194e+00
7.860809952021666769e-01 -1.182250459877548510e+00 -5.446286796425005683e+00
7.626023106412338493e-01 -1.165864370840963282e+00 -5.534683965738584455e+00
7.381103642703065182e-01 -1.149548354409141604e+00 -5.624419483716308399e+00
8.024674386334169629e-01 -1.191513715779940252e+00 -5.365639663898086553e+00
7.768193718553240146e-01 -1.176319661388505189e+00 -5.479458402225600544e+00
7.470413144639169722e-01 -1.155348516341361487e+00 -5.592173763342028536e+00
7.021597890524149399e-01 -1.142933581149388811e+00 -5.700903149090867927e+00
7.360861658892664527e-01 -1.297314947727084222e+00 -5.123644248875545593e+00
6.387376873122299070e-01 -1.341545531264357161e+00 -5.150288754654630097e+00
5.366659434666326556e-01 -1.375789981096295245e+00 -5.175148641184357245e+00
4.274739929482048728e-01 -1.407862892259922782e+00 -5.199448611577143886e+00
7.370206325176371642e-01 -1.304964967134718101e+00 -5.089006177312638712e+00
6.519668732076688844e-01 -1.363602100579949239e+00 -5.050406396137022469e+00
5.770336160252339530e-01 -1.405030630680825787e+00 -4.982443698615371730e+00
5.084152150693747041e-01 -1.448395098482362142e+00 -4.905807924164070855e+00
6.884642980682039726e-01 -1.604087360222461012e+00 -3.702254142554333605e+00
6.143488762335346243e-01 -1.651178094472642854e+00 -3.616484259193689432e+00
5.390586009657438726e-01 -1.692690565520067913e+00 -3.531129935979230527e+00
4.524240315713848326e-01 -1.722646445874776333e+00 -3.461902911951081130e+00
7.158215699401491161e-01 -1.594641783856519002e+00 -3.681165661940699163e+00
6.971201063473814186e-01 -1.621042257045184343e+00 -3.563032059275372365e+00
7.069742108903254163e-01 -1.635814293560700738e+00 -3.443334144511186246e+00
6.905321242841088170e-01 -1.660464409402460984e+00 -3.326631025795206309e+00
1.948512901009163689e-01 -1.599063265383771304e+00 -4.577106125248417534e+00
1.940368604952112663e-01 -1.601631639569544463e+00 -4.565911197792119403e+00
1.919840807313755171e-01 -1.604308701675992710e+00 -4.554594582642194744e+00
1.899269154889354216e-01 -1.607312876254385570e+00 -4.541823111764673016e+00
9.198410912546465257e-01 -1.549247050848905349e+00 -3.286402384227474105e+00
8.754979327733615202e-01 -1.585615015053862598e+00 -3.243298489723283939e+00
8.457892548717428349e-01 -1.609775271801757945e+00 -3.216080260371740440e+00
8.281192969411751426e-01 -1.619660470372393579e+00 -3.198178388692823226e+00
9.058746490528271078e-01 -1.560621971103524741e+00 -3.273470337017161391e+00
6.948593194269027107e-01 -1.747585627742893610e+00 -2.490837982716401999e+00
5.882113396670569649e-01 -1.788800300618415662e+00 -2.464853197200088442e+00
4.824242953141849588e-01 -1.824072348374418118e+00 -2.435861625220645532e+00
3.758647225800002545e-01 -1.851058653864616099e+00 -2.405926791062513725e+00
7.070134663604239478e-01 -1.744327864231528968e+00 -2.459215581312836907e+00
6.391675129135530042e-01 -1.773341643520155220e+00 -2.375540303218659055e+00
5.780311273367779723e-01 -1.800508470814195627e+00 -2.275574522669119748e+00
5.375298172793372409e-01 -1.824065888923864565e+00 -2.161268020222295583e+00
8.331901104235107658e-01 -1.701329365996300469e+00 -2.351478170520594713e+00
8.064871535580270256e-01 -1.716430860860122865e+00 -2.236561836315464014e+00
7.660478810181456932e-01 -1.746421611855087930e+00 -2.128856769613292954e+00
7.314166213714856646e-01 -1.774264468119559401e+00 -2.021545993846036282e+00
1.568049416400224993e+00 -1.201976149361223989e+00 -8.915224252664094573e-01
1.583362519517677036e+00 -1.185110811225061456e+00 -7.739613030544807426e-01
1.599126184785590654e+00 -1.168644054907255203e+00 -6.575060802490571010e-01
1.614567704899148248e+00 -1.154121105050314400e+00 -5.392645477116303487e-01
1.547867855197441189e+00 -1.231574342874474093e+00 -8.901248645080883648e-01
1.524687490867704165e+00 -1.270032732585694824e+00 -7.789590750821625553e-01
1.483674547562394697e+00 -1.323274185116592117e+00 -6.839586893445919191e-01
1.429987213003528712e+00 -1.375951625538823109e+00 -6.014759877856559189e-01
5.483482378028738946e-01 -1.857804369847964709e+00 -1.797929355076339775e+00
4.447669051360139125e-01 -1.892761407493583237e+00 -1.754163543448308049e+00
3.387257668843199898e-01 -1.915611014800076228e+00 -1.709331867648973047e+00
2.322504595498039448e-01 -1.931823472665051611e+00 -1.663356581448634630e+00
5.398618187377129951e-01 -1.857760587972563160e+00 -1.831915249514306510e+00
4.296124451191167815e-01 -1.889539341523239546e+00 -1.855475088559716434e+00
3.264136424346055776e-01 -1.905139552023979777e+00 -1.907086161022899740e+00
2.306736892258886840e-01 -1.913051439593464798e+00 -1.970173202760917563e+00
7.969246820482459581e-01 -1.792935501141043941e+00 -1.475504073647456726e+00
8.020723428482459116e-01 -1.797824496813160478e+00 -1.356871910952511140e+00
8.039453882849404431e-01 -1.801504425369606199e+00 -1.237651020743242070e+00
8.060273775314141798e-01 -1.805113562715985331e+00 -1.118404274794343234e+00
7.965719755002377278e-01 -1.792583799049108473e+00 -1.482821902578069784e+00
7.731909798898460862e-01 4.069276518574383231e-03 -7.108447628397429163e+00
6.848163865525664917e-01 2.603165313837816491e-02 -7.223126087717472110e+00
7.677490799108476205e-01 6.741234649019836600e-04 -7.120546444946995734e+00
9.820656286364197740e-01 -8.164860731484698819e-01 -5.892705170712979168e+00
9.751660589677678681e-01 -8.373144668326891749e-01 -5.867716453420237954e+00
8.927084511132513667e-01 -9.026467612202038193e-01 -5.902898479774514762e+00
8.085263228454668827e-01 -9.724465017368424391e-01 -5.933177553315550412e+00
7.297179006844478621e-01 -1.052303016861348528e+00 -5.935600087210246123e+00
9.059447020021580421e-01 -6.443384743760730560e-01 -6.397469317312580728e+00
8.612462577264121677e-01 -6.305099180350517418e-01 -6.506503882943968087e+00
8.773932160614448250e-01 -5.207841267887846071e-01 -6.630284108117059816e+00
8.455431181674042396e-01 -4.778739039846069958e-01 -6.741396342718936729e+00
8.921000226533531974e-01 -6.752568435070080977e-01 -6.388784514908610213e+00
8.143612021956581071e-01 -7.119897779952271133e-01 -6.467992146700111356e+00
6.171672481255157106e-01 -8.670632339383076426e-01 -6.533495078739321116e+00
6.038284572541823270e-01 -8.585016961609807096e-01 -6.577884573370803345e+00
7.599788370113835789e-01 -9.312902388477792837e-01 -6.136972338307314701e+00
6.577400520383442917e-01 -1.001567565735246523e+00 -6.164661340469154815e+00
5.556571415584001805e-01 -1.050901895427261090e+00 -6.195007236252911831e+00
4.698272286815213805e-01 -1.069825185085021557e+00 -6.239659447007424475e+00
7.646753986147026838e-01 -9.433515903909570621e-01 -6.104098063116433437e+00
6.888286467396087520e-01 -1.022552922543400911e+00 -6.068697678619363600e+00
6.228078866615368581e-01 -1.080173457238390089e+00 -6.001395888350501195e+00
5.376402621042467578e-01 -1.129725839932653075e+00 -5.952919392735431359e+00
1.022233457404767787e+00 -3.324243288228231341e-01 -6.478350217120094179e+00
9.711146084905375453e-01 -3.396594214618415264e-01 -6.581663641733357828e+00
9.327388025161311713e-01 -3.210224521698676892e-01 -6.671716375294978185e+00
9.079879768001211104e-01 -2.875330243085652548e-01 -6.742438222786966584e+00
1.021516109138502992e+00 -3.329170571810582957e-01 -6.479623433229543927e+00
9.635487559553467252e-01 -3.657130954206668227e-01 -6.585678009132266197e+00
1.785860616568139270e-01 4.025174644067739393e-01 -7.147985851588127382e+00
1.667866328743924098e-01 3.639793996174550128e-01 -7.261397348287273346e+00
1.411134959044018089e-01 3.231843643249865949e-01 -7.367296656459179971e+00
2.003599623471622460e-01 3.719506205914402952e-01 -7.231838562024855754e+00
1.905336945406295723e-01 3.187107656472297212e-01 -7.326014270850971677e+00
2.026161002819528156e-01 2.535571219837334245e-01 -7.404879547129900708e+00
2.139285066815499181e-01 1.897001609652454457e-01 -7.472952991270102707e+00
6.717607861704165684e-01 -1.122167685070989629e+00 -5.813921504302538956e+00
3.311690176041275913e-01 -1.419690133871933435e+00 -5.261619700183295834e+00
2.346257765634390258e-01 -1.418581263140524573e+00 -5.322346286495444723e+00
1.360491777575803807e-01 -1.417609099918063720e+00 -5.384122207104205415e+00
3.641172175160656971e-02 -1.416832323680584427e+00 -5.446647203216017807e+00
3.255943831442318359e-01 -1.429329660166236637e+00 -5.229744218294539948e+00
2.187344787855081962e-01 -1.447762595393312868e+00 -5.225272919015605311e+00
1.181036523301217805e-01 -1.471575431022362102e+00 -5.190743606631859741e+00
1.857140662511106224e-02 -1.488944026852196068e+00 -5.140403766288946130e+00
4.057818846725571027e-01 -1.492314912663355919e+00 -4.871776724484434773e+00
3.064062930603768664e-01 -1.525731449249012384e+00 -4.835228509074077863e+00
2.056092549876349651e-01 -1.549535762512771697e+00 -4.794431359419692562e+00
-7.593979789087221266e-02 -1.566796387998976803e+00 -4.776351146597002995e+00
4.212229842950596104e-01 -1.494796844168670091e+00 -4.841914079590035946e+00
3.640819626788955321e-01 -1.527601012183926965e+00 -4.756835893032591578e+00
3.326963681113441762e-01 -1.553831230770566618e+00 -4.655418903545580633e+00
3.823092438075216259e-01 -1.738973334132756232e+00 -3.461059972978729249e+00
3.354195693876589890e-01 -1.743915471537311079e+00 -3.502066156803346431e+00
2.782184664439429356e-01 -1.749930311741622280e+00 -3.552188112045619128e+00
2.148397469886174915e-01 -1.754980770621294761e+00 -3.610493340023270381e+00
3.770474935051454368e-01 -1.750156366840413869e+00 -3.391735495415717505e+00
3.247916844188403762e-01 -1.775551623261210521e+00 -3.299107068685453559e+00
2.785684118804466758e-01 -1.794377219767376408e+00 -3.197578242531856407e+00
2.361391685192245349e-01 -1.807521247355158955e+00 -3.089754154079754844e+00
7.371259641516695327e-01 -1.662445404508295033e+00 -3.123639337235676994e+00
6.644413462126252945e-01 -1.696627260496945011e+00 -3.064061821594153301e+00
6.177422514673888143e-01 -1.729037749907188726e+00 -2.958462712270121919e+00
5.639990288882371638e-01 -1.762836511273962348e+00 -2.856691908917886380e+00
1.834227109703535918e-01 -1.615524525738938344e+00 -4.501491858657094447e+00
1.755945486507772824e-01 -1.627220843252525251e+00 -4.435518027842414668e+00
1.656180228691957468e-01 -1.642185041185184824e+00 -4.351062223994208722e+00
8.517068852650992727e-02 -1.660944388673264882e+00 -4.261495160595366372e+00
1.884332534589641672e-01 -1.609058801565097063e+00 -4.534487938589733425e+00
1.837375562670405249e-01 -1.615111736713509272e+00 -4.503771199679135862e+00
1.809550599928972936e-01 -1.619218578117856522e+00 -4.480649319387326912e+00
1.746898630254287987e-01 -1.628609133449494761e+00 -4.427656181609835429e+00
8.299117304663234940e-01 -1.618831642778775226e+00 -3.199556677645896130e+00
2.662817850446008161e-01 -1.876404430097260434e+00 -2.393307607981564278e+00
1.561239815230139050e-01 -1.885072101032208902e+00 -2.382738341804213622e+00
4.388587731202823333e-02 -1.889957745837742786e+00 -2.372032664896643883e+00
-7.258763900310855055e-02 -1.895002303304037072e+00 -2.358076574360260302e+00
2.760152567333594709e-01 -1.878790235199579106e+00 -2.359421968334701081e+00
1.903410345078700439e-01 -1.887332749275543398e+00 -2.282235601606829700e+00
1.254080518574633707e-01 -1.893444515798665018e+00 -2.185137103746298326e+00
7.285746476479759703e-02 -1.907123144641282408e+00 -2.080151447372407425e+00
4.985424174531391528e-01 -1.853368408845184279e+00 -2.051385357029139822e+00
5.276734577218598066e-01 -1.844667880516093872e+00 -2.042227210058003006e+00
1.620068663166806644e+00 -1.154268926423364983e+00 -4.192260360092286975e-01
1.624372492892436348e+00 -1.153718276449617663e+00 -2.991717784676052871e-01
1.629416169932880631e+00 -1.152148748873347284e+00 -1.773906406064719443e-01
1.631281052203659598e+00 -1.147303575149867916e+00 -5.741790117212331596e-02
1.639305285844997240e+00 -1.125258616122968292e+00 -4.258618870360989517e-01
1.678389128465555435e+00 -1.071799287637128728e+00 -3.271713472518939514e-01
1.726617195928554782e+00 -9.981617798262675256e-01 -2.477532235390221549e-01
1.769955599945938651e+00 -9.102024323724778876e-01 -1.819575245587622681e-01
1.371801308973856548e+00 -1.433038411722423966e+00 -5.135028001888667371e-01
1.313866025894267819e+00 -1.490175968399913620e+00 -4.250139026175283608e-01
1.258568362094168114e+00 -1.549220691785486936e+00 -3.368395904040650812e-01
1.192496516998387435e+00 -1.594132064300298746e+00 -2.487919137244914980e-01
1.355883760173977715e+00 -1.448487347970916606e+00 -5.412801145938784808e-01
1.273476851566570422e+00 -1.529031708912305998e+00 -5.111223491851033529e-01
1.181980675573500283e+00 -1.602329783121794193e+00 -5.110396005772499528e-01
1.081760458605513398e+00 -1.661659730394841050e+00 -5.241520456227054536e-01
1.306396246586903065e-01 -1.948495830690458952e+00 -1.601156162008606998e+00
3.120977072391227167e-02 -1.954669254061009553e+00 -1.538556409960993632e+00
-6.266364992860766481e-02 -1.953689730053359330e+00 -1.475370596930503320e+00
-1.493862142452253017e-01 -1.953236324621075992e+00 -1.412294408657186251e+00
1.202966266350389835e-01 -1.947650954301674009e+00 -1.633624807804237911e+00
6.010876314579689621e-03 -1.949042049852266922e+00 -1.636917015757934024e+00
-1.065692691694679201e-01 -1.942255955920741073e+00 -1.671893984569047920e+00
-2.090992889074926864e-01 -1.935114039876835834e+00 -1.718099015556052711e+00
8.287849936379999560e-01 -1.801276430708399046e+00 -1.008768504000586708e+00
8.495031498009545379e-01 -1.792208088033159896e+00 -8.961202805128157811e-01
8.713293008754123825e-01 -1.782179966280459160e+00 -7.817137055061206263e-01
8.742178455735681863e-01 -1.783031783966373185e+00 -6.613842786035325494e-01
7.977346288464409740e-01 -4.590486586491763776e-01 -6.842223373692735144e+00
7.358870059658941809e-01 -4.591435711185204993e-01 -6.940982964031533697e+00
6.942168336099562298e-01 -4.322340352899249893e-01 -7.042470166505638396e+00
6.499919408475780536e-01 -4.023282964865612654e-01 -7.143655134466318835e+00
8.021910653775063960e-01 -4.475903816652159750e-01 -6.849943956618904650e+00
7.312113091882503912e-01 -4.533351074582493978e-01 -6.955984075058688987e+00
6.868805582928636522e-01 -4.251199528022064911e-01 -7.063416621687181873e+00
6.357974572435804994e-01 -3.947625504596780632e-01 -7.163147591770345102e+00
5.998366949176030527e-01 -8.518611744057201784e-01 -6.600411273635133469e+00
5.953434907811997467e-01 -8.307435492399768417e-01 -6.645587703997724915e+00
5.763777010093869002e-01 -8.032305944677482490e-01 -6.713062987035749885e+00
5.026601366807290638e-01 -7.915734905306789360e-01 -6.800250535494377857e+00
3.998039347296971080e-01 -1.082364259578535437e+00 -6.272026525669435415e+00
3.273868898233338043e-01 -1.090212550674914516e+00 -6.319430122577024633e+00
2.952494261648103691e-01 -1.076213496419407667e+00 -6.388035788960817030e+00
2.596616327515322009e-01 -1.060683697865610009e+00 -6.464082668796716113e+00
4.009614700973102575e-01 -1.093352983269683998e+00 -6.241026991985940242e+00
3.040373743258342198e-01 -1.139348503508440746e+00 -6.207900524353433980e+00
2.340186157196914030e-01 -1.184907589050624876e+00 -6.150415384233148153e+00
1.734762317057891301e-01 -1.218621853762740681e+00 -6.075042772870295593e+00
3.868413092198442205e-01 -1.195504598684969721e+00 -5.943764057079005347e+00
2.744939194504293911e-01 -1.247606054126672026e+00 -5.928251661138384421e+00
2.021783755968171170e-01 -1.277491606202250107e+00 -5.868999650958900638e+00
1.029308968699793048e-01 -1.315699055185264310e+00 -5.784338746858487035e+00
3.960823423075783278e-01 -1.202090142341249113e+00 -5.914514515512339088e+00
3.059290487210006293e-01 -1.264373251376871288e+00 -5.844575965827409014e+00
2.243391538870141422e-01 -1.308050731320336002e+00 -5.740129009515162473e+00
1.798952905478358733e-01 -1.345139323411362220e+00 -5.626690118705854005e+00
2.684794411540069037e-01 -6.659107827765761364e-03 -7.653187728288075142e+00
2.928245977626606211e-01 -1.145067063104516884e-02 -7.631506705158162873e+00
-4.103487281467379372e-02 -1.393674313121999297e+00 -5.520286315342860739e+00
-9.836447921579830056e-02 -1.367666226927500617e+00 -5.598512250455446981e+00
-1.398059616206938638e-01 -1.340097692799067319e+00 -5.682625708635388406e+00
-3.262678098508021707e-01 -1.268479534587819701e+00 -5.810352150544656702e+00
-5.427335345909833908e-02 -1.399761486335207916e+00 -5.491100735148196854e+00
-1.620858249244196414e-01 -1.387684120668393417e+00 -5.497996520061567693e+00
-2.699538184469565949e-01 -1.380086890327873572e+00 -5.482094441199057755e+00
-3.741276204919250503e-01 -1.359234566844625958e+00 -5.447856614469296588e+00
-9.741133872863576293e-02 -1.504986249076526006e+00 -5.054798557342732757e+00
-9.224111478044419443e-02 -1.523504147108289963e+00 -4.982706124906231437e+00
-8.611050398727605748e-02 -1.542908041729512014e+00 -4.907439152359033940e+00
-9.967363403566564806e-02 -1.497699205191211913e+00 -5.083080148832102907e+00
-9.873879455318733400e-02 -1.500822611807695273e+00 -5.070944537966973975e+00
-1.006847783714202582e-01 -1.495247417747624263e+00 -5.092499403621795651e+00
-1.055641242771034743e-01 -1.481965102681475743e+00 -5.143757878949101858e+00
-7.645167520783922865e-02 -1.565765066246886716e+00 -4.782331799950957141e+00
1.344036160883791964e-01 -1.745021675892607149e+00 -3.677320248233491018e+00
4.818886353977771403e-02 -1.734632549281502234e+00 -3.746555615773010217e+00
-6.920510113861792767e-02 -1.725790261257381220e+00 -3.796373254191164559e+00
-1.772550955863261279e-01 -1.714112780307665451e+00 -3.848002778250773748e+00
1.490895394659676743e-01 -1.746875700238932794e+00 -3.664819805066130698e+00
1.007426429576396137e-01 -1.740917991769742823e+00 -3.704749553302583376e+00
3.607664337524912890e-02 -1.733126472485138292e+00 -3.756672327920428600e+00
-8.758824397310210896e-02 -1.728939577600234090e+00 -3.766172340604696078e+00
1.818242769190106245e-01 -1.821638157538012281e+00 -2.991801197703570114e+00
-1.326961412251672079e-01 -1.845153599245774600e+00 -2.934892372488702161e+00
-1.475157952531352124e-01 -1.851706132187610931e+00 -2.837119663792134094e+00
-2.411165718865508345e-01 -1.849923663749709846e+00 -2.751604737774367315e+00
2.096050056217235169e-01 -1.822485934308984090e+00 -2.975334955105783052e+00
1.970598168322815480e-01 -1.840673562422329379e+00 -2.852402935787592853e+00
1.866898842135066017e-01 -1.856687260294103803e+00 -2.733556508103671234e+00
1.803630776096530608e-01 -1.865814779771337140e+00 -2.613378917966017401e+00
4.703252882389135636e-01 -1.788067055128490068e+00 -2.788575330806668529e+00
3.619981647626839827e-01 -1.816859066572199533e+00 -2.717298140301663167e+00
4.942499877207731096e-01 -1.783823314331804522e+00 -2.763178350412908824e+00
4.547942610266744179e-01 -1.801309090051526507e+00 -2.652769641549441726e+00
3.220030216398799688e-02 -1.679943191691509297e+00 -4.157503474260319187e+00
-1.477777981110273142e-02 -1.692130777341239511e+00 -4.052906683602500948e+00
-5.468243468405227514e-02 -1.706109565534786432e+00 -3.949620050169114549e+00
4.814206006467090446e-03 -1.675055130115756796e+00 -4.178240606057038065e+00
-8.784183289342861745e-02 -1.676661518938035389e+00 -4.121496269044165217e+00
-2.041396464263656452e-01 -1.672996960320144222e+00 -4.090347212747916572e+00
-3.203046302239497267e-01 -1.668226030166266582e+00 -4.070311031275680058e+00
-1.862563210854235873e-01 -1.890339464670331093e+00 -2.360674417668461977e+00
-2.982050172023956724e-01 -1.874074053070980295e+00 -2.361835882603308345e+00
-4.140020239744416353e-01 -1.846197238519772021e+00 -2.363892110437042504e+00
-5.305224638293851713e-01 -1.817923507680985651e+00 -2.365493218425976707e+00
-1.822146916681212370e-01 -1.893755598559382136e+00 -2.325938188873716062e+00
-2.760069627950697546e-01 -1.886660647214335906e+00 -2.262597012457401302e+00
-3.493176050275886291e-01 -1.873784742058022257e+00 -2.174995348717374544e+00
-4.143441435840259923e-01 -1.862167237573017387e+00 -2.078262933078558916e+00
-2.043248642294067524e-02 -1.919866660057468977e+00 -2.009622723644686637e+00
-1.138488020389904765e-01 -1.926783390144536812e+00 -1.938493013950246979e+00
-2.066226467659248167e-01 -1.926004341046799961e+00 -1.871597820459489858e+00
-3.049553272926923131e-01 -1.910701069470589486e+00 -1.834448557225434762e+00
5.080766434965933512e-03 -1.922089669705164372e+00 -1.985126222188255518e+00
-3.355654861976836711e-02 -1.934762856109750739e+00 -1.875004049345810886e+00
1.857856503736356801e+00 -7.276232795336355919e-01 -1.660174598351866204e-01
1.862905195807553538e+00 -7.184472118491411763e-01 -1.153985135560842840e-01
1.868134329245102032e+00 -7.089290228763041046e-01 -6.322674103439453186e-02
1.873918315755518149e+00 -6.984028595058269229e-01 -5.483266666442390518e-03
1.860665201676612313e+00 -7.225100381813337469e-01 -1.380088980047175784e-01
1.868637294192666998e+00 -7.080257457828096346e-01 -5.798730017540663917e-02
1.133714921785471175e+00 -1.633311145924385199e+00 -1.480553904763557693e-01
1.076133037582999830e+00 -1.671654428025327599e+00 -4.810279134195503264e-02
1.113010481384214323e+00 -1.648802409820230519e+00 -1.720589586093025647e-01
1.024003733451270604e+00 -1.710714541755411711e+00 -1.228847453762229730e-01
9.246694331413223278e-01 -1.770885281568477909e+00 -1.045921847463973792e-01
8.167247577232576994e-01 -1.813563386336903394e+00 -9.986158787421302307e-02
9.870372633993726996e-01 -1.717842898140963692e+00 -5.703889584613854868e-01
9.796024206973419357e-01 -1.722133276940880364e+00 -5.363894524059240609e-01
8.805182298148603870e-01 -1.780683969988474225e+00 -5.157309482911516252e-01
7.819215065191987835e-01 -1.834372158979026279e+00 -4.886539379999474964e-01
6.806356043385834997e-01 -1.865439962618227421e+00 -4.410770368175661593e-01
-2.557140409806074599e-01 -1.950357537583110368e+00 -1.362334290178391472e+00
-3.571347901848373474e-01 -1.930145663364776221e+00 -1.313731664560599421e+00
-4.579889288831333616e-01 -1.906135775286883716e+00 -1.265474448515757855e+00
-5.697287672759426824e-01 -1.876641421096273854e+00 -1.217116670082228902e+00
-2.409698814080858398e-01 -1.953447964328764330e+00 -1.332233821118914641e+00
-3.004220317378835658e-01 -1.946259519773614777e+00 -1.234898890974372998e+00
-3.320174828854878246e-01 -1.940720061790840667e+00 -1.126503339640138046e+00
-3.489985014932287521e-01 -1.945275869977269645e+00 -1.015519045067795556e+00
