27
27
81
81
135
135
348
396
404
279
279
315
315
342
342
612
366
661
413
413
717
719
759
764
494
494
503
503
806
530
530
539
539
827
878
897
593
611
611
937
939
670
670
1005
697
697
1144
815
815
836
836
1224
1227
1250
1425
1430
975
1431
1451
1454
1457
1464
1014
1014
1023
1023
1032
1032
1041
1041
1050
1050
1059
1059
1483
1484
1498
1095
1095
1122
1122
1131
1131
1540
1544
1552
1566
1571
1610
1614
1634
1636
1216
1216
1685
1689
1693
1698
1702
1739
1740
1751
1812
1376
1858
1877
1878
1927
1507
1507
2073
2079
2100
2103
2141
2143
2178
2186
2193
1663
1663
2210
2214
2217
2223
2244
2256
2279
2286
2312
1778
1778
1787
1787
2327
2337
1821
1821
2347
2348
2355
2366
2368
2380
2381
2382
1876
1876
1887
1887
1896
1896
2385
2391
2394
2398
2401
2404
2408
2411
2412
2413
2448
1981
1981
2490
2498
2514
2519
2522
2553
2071
2611
2614
2619
2097
2632
2646
2652
2660
2139
2139
2681
2161
2682
2684
2687
2692
2697
2232
2232
2711
2718
2724
2265
2265
2274
2725
2745
2748
2753
2756
2763
2765
2346
2766
2778
2377
2779
2422
2422
2786
2431
2792
2797
2830
2850
2531
2531
2878
2879
2887
2580
2580
2589
2589
2933
2598
2939
2943
2628
2628
2947
2950
2669
2669
2678
2678
2734
2734
2970
2775
2775
3014
2824
2824
2848
3033
2859
2859
3041
3062
3066
3070
3076
3082
2923
2923
3102
3104
3106
3114
3128
3132
2988
2988
3142
3143
3150
3023
3023
3164
3188
3059
3059
3193
3100
3100
3203
3204
3220
3221
3241
3182
3182
3242
3243
3256
3230
3230
3277
3279
3300
3303
3325
3329
3365
3365
3434
3483
3520
3443
3443
3530
3531
3551
3552
3492
3492
3501
3501
3645
3597
3597
3773
3815
3822
3835
3836
3838
3726
3726
3949
4007
4031
3809
3809
4100
4110
4113
3874
4116
3883
3883
3892
3892
4240
4260
4292
4295
4296
4301
4341
4366
4379
4390
4401
4413
4094
4094
4109
4109
4414
4456
4470
4535
4554
4556
4580
4587
4233
4233
4599
4615
4269
4269
4639
4731
4744
4757
4781
4791
4793
4832
4834
4841
4845
4911
4913
4914
4919
5006
5019
5022
4596
4596
5043
5046
4633
4633
5098
4684
4684
5147
5168
5171
5196
5197
5213
5254
5258
4802
4802
5273
5286
4829
4829
4854
4854
5324
5332
4899
4899
5351
5356
5364
5378
5391
4964
4964
5451
5452
5453
5454
5455
5015
5015
5485
5064
5504
5107
5107
5116
5116
5578
5579
5143
5143
5598
5600
5619
5620
5206
5206
5636
5639
5644
5647
5654
5249
5656
5702
5736
5784
5792
5796
5797
5801
5400
5400
5867
5974
5531
5531
6014
6019
6044
6050
6127
6129
6134
6138
6144
6147
6171
6192
6204
6207
6211
5711
5711
5720
5720
6223
6261
6262
6281
6282
6311
6331
6389
6395
6407
6412
6431
5912
5912
6464
6469
6474
6479
6491
6499
6502
5966
5966
6595
6596
6644
6658
6674
6678
6681
6683
6689
6706
6707
6165
6165
6722
6727
6189
6189
6201
6201
6739
6259
6259
6808
6280
6280
6833
6848
6873
6878
6340
6340
6908
6966
6982
6430
6430
7006
6449
6458
6458
6529
6529
6538
6538
6565
6565
7129
7148
7183
7187
7190
7193
6632
6632
6641
6641
7196
7198
7200
7210
7211
7212
7213
7234
7237
7253
7288
6826
6826
7384
7422
7474
6926
6926
6935
7499
6962
6962
7519
7521
7544
7554
7555
7593
7595
7664
7087
7087
7096
7096
7686
7702
7710
7729
7775
7175
7209
7209
7794
7797
7801
7804
7262
7262
7806
7280
7280
7883
7916
7351
7351
7360
7360
7951
7393
7393
7993
7998
8017
7440
8043
8065
8069
8071
8093
8096
7517
7517
8101
8108
8129
8162
8167
8177
7591
8179
8229
8232
8247
8281
8294
8308
8319
8321
7728
8340
8343
8345
7747
7747
8348
8352
8373
8376
8409
7815
7815
8443
8463
8466
8480
8483
8494
8496
8502
8512
8515
8516
8517
8547
7943
7943
7969
7969
8594
8610
8016
8611
8652
8657
8659
8660
8701
8704
8126
8126
8710
8715
8718
8721
8725
8733
8738
8188
8188
8197
8197
8785
8807
8815
8818
8265
8265
8823
8290
8303
8303
8843
8849
8850
8851
8339
8361
8361
8870
8385
8385
8394
8394
8461
8461
8475
8475
8492
8492
8961
8973
8977
8980
8988
8544
8544
9009
9047
9054
9076
9108
9112
9115
9116
9117
9178
9181
8747
8747
8774
8774
9218
8794
8794
9233
9237
8832
8832
9245
9249
8860
8860
9252
9256
9268
8906
8906
9306
9366
9370
9373
8960
8960
9381
9006
9006
9409
9018
9439
9459
9465
9072
9072
9491
9546
9144
9144
9552
9171
9171
9190
9190
9199
9199
9592
9599
9286
9286
9295
9295
9304
9304
9324
9324
9681
9682
9697
9360
9360
9716
9717
9746
9767
9770
9771
9772
9776
9781
9793
9483
9483
9813
9818
9832
9843
9863
9865
9871
9877
9561
9561
9893
9894
9895
9897
9900
9904
9908
9617
9617
9626
9909
9942
9944
9691
9691
10018
10021
10023
10072
9755
9755
10112
10116
10124
10132
10135
10137
10138
10142
10181
10183
10185
10187
10189
10191
10192
10193
10195
10196
9962
9962
10199
10201
10221
10226
10229
10232
10234
10236
10241
10244
10032
10032
10041
10041
10283
10288
10311
10314
10320
10108
10108
10382
10390
10394
10219
10219
10480
10500
10503
10508
10511
10338
10338
10531
10534
10540
10544
10546
