0 1
1 2
2 3
3 4
4 5
5 6
6 7
7 8
8 9
7 10
10 11
9 12
12 13
13 14
14 15
9 16
16 17
17 18
18 19
11 20
20 21
21 22
22 23
11 24
24 25
25 26
26 27
15 28
28 29
29 30
30 31
15 32
32 33
33 34
34 35
19 36
36 37
37 38
38 39
19 40
40 41
23 42
42 43
43 44
44 45
23 46
46 47
47 48
48 49
31 50
50 51
51 52
52 53
31 54
54 55
55 56
56 57
35 58
58 59
35 60
60 61
61 62
62 63
39 64
39 65
45 66
66 67
67 68
68 69
45 70
70 71
71 72
72 73
49 74
74 75
75 76
76 77
49 78
78 79
79 80
80 81
53 82
82 83
83 84
84 85
53 86
86 87
87 88
88 89
57 90
90 91
91 92
92 93
57 94
94 95
95 96
96 97
63 98
98 99
99 100
100 101
63 102
102 103
103 104
104 105
69 106
106 107
107 108
108 109
69 110
110 111
111 112
112 113
73 114
114 115
115 116
116 117
73 118
118 119
119 120
120 121
77 122
122 123
77 124
124 125
81 126
126 127
81 128
128 129
85 130
130 131
131 132
132 133
85 134
134 135
135 136
136 137
89 138
138 139
139 140
140 141
89 142
142 143
143 144
144 145
93 146
146 147
147 148
148 149
93 150
150 151
151 152
152 153
97 154
154 155
155 156
156 157
97 158
158 159
159 160
105 161
161 162
162 163
163 164
105 165
165 166
166 167
167 168
109 169
169 170
170 171
171 172
109 173
173 174
174 175
175 176
121 177
177 178
178 179
179 180
121 181
181 182
182 183
183 184
133 185
185 186
186 187
187 188
133 189
189 190
190 191
191 192
137 193
193 194
194 195
195 196
137 197
197 198
141 199
199 200
200 201
201 202
141 203
203 204
204 205
205 206
145 207
207 208
208 209
209 210
145 211
211 212
212 213
213 214
149 215
215 216
216 217
217 218
149 219
219 220
220 221
221 222
153 223
223 224
224 225
225 226
157 227
227 228
228 229
229 230
157 231
231 232
232 233
164 234
234 235
235 236
236 237
164 238
238 239
239 240
240 241
168 242
242 243
168 244
172 245
245 246
246 247
247 248
172 249
249 250
250 251
251 252
176 253
253 254
254 255
255 256
176 257
257 258
258 259
259 260
188 261
261 262
262 263
263 264
192 265
265 266
266 267
267 268
192 269
269 270
270 271
271 272
196 273
273 274
274 275
275 276
196 277
277 278
278 279
202 280
280 281
281 282
282 283
202 284
284 285
285 286
286 287
206 288
288 289
289 290
290 291
206 292
292 293
293 294
294 295
214 296
296 297
297 298
298 299
214 300
300 301
301 302
302 303
218 304
304 305
305 306
306 307
218 308
308 309
309 310
310 311
222 312
312 313
313 314
314 315
222 316
316 317
230 318
318 319
319 320
320 321
237 322
322 323
323 324
324 325
237 326
326 327
327 328
328 329
241 330
330 331
331 332
332 333
241 334
334 335
335 336
248 337
337 338
338 339
339 340
248 341
341 342
342 343
343 344
260 345
345 346
346 347
347 348
260 349
349 350
350 351
351 352
264 353
353 354
354 355
355 356
264 357
357 358
358 359
359 360
268 361
361 362
362 363
363 364
268 365
365 366
272 367
367 368
368 369
369 370
272 371
371 372
372 373
373 374
276 375
375 376
376 377
377 378
276 379
379 380
283 381
381 382
382 383
383 384
283 385
385 386
386 387
387 388
291 389
389 390
390 391
391 392
291 393
393 394
394 395
395 396
295 397
397 398
295 399
399 400
299 401
401 402
402 403
403 404
299 405
405 406
303 407
307 408
408 409
409 410
410 411
307 412
412 413
413 414
414 415
315 416
416 417
417 418
418 419
315 420
420 421
421 422
422 423
321 424
321 425
325 426
426 427
427 428
428 429
325 430
430 431
431 432
432 433
329 434
434 435
435 436
436 437
329 438
438 439
439 440
440 441
340 442
442 443
443 444
444 445
340 446
446 447
447 448
448 449
344 450
450 451
451 452
344 453
453 454
454 455
455 456
348 457
457 458
458 459
459 460
348 461
461 462
352 463
463 464
352 465
465 466
356 467
467 468
468 469
469 470
356 471
471 472
472 473
473 474
360 475
475 476
476 477
477 478
360 479
479 480
480 481
481 482
364 483
483 484
484 485
485 486
364 487
487 488
488 489
489 490
370 491
491 492
492 493
493 494
370 495
495 496
496 497
497 498
374 499
374 500
378 501
501 502
502 503
503 504
378 505
505 506
506 507
507 508
384 509
509 510
510 511
511 512
384 513
513 514
514 515
515 516
388 517
517 518
518 519
519 520
388 521
521 522
522 523
523 524
392 525
392 526
526 527
396 528
528 529
396 530
530 531
531 532
532 533
411 534
534 535
535 536
536 537
411 538
415 539
539 540
540 541
541 542
415 543
543 544
441 545
545 546
546 547
547 548
441 549
549 550
550 551
551 552
445 553
553 554
554 555
555 556
445 557
557 558
558 559
559 560
449 561
561 562
562 563
563 564
456 565
565 566
566 567
567 568
456 569
569 570
470 571
571 572
572 573
573 574
474 575
575 576
474 577
577 578
578 579
579 580
478 581
581 582
582 583
583 584
478 585
482 586
586 587
587 588
588 589
482 590
590 591
591 592
592 593
486 594
594 595
595 596
596 597
486 598
598 599
599 600
600 601
490 602
602 603
603 604
604 605
490 606
606 607
607 608
504 609
609 610
610 611
611 612
504 613
613 614
512 615
615 616
616 617
617 618
512 619
619 620
620 621
621 622
516 623
623 624
516 625
625 626
626 627
627 628
520 629
524 630
630 631
631 632
632 633
524 634
634 635
635 636
636 637
533 638
638 639
639 640
533 641
641 642
642 643
643 644
537 645
537 646
646 647
542 648
548 649
649 650
650 651
651 652
548 653
653 654
654 655
655 656
556 657
657 658
658 659
659 660
556 661
661 662
662 663
663 664
564 665
665 666
666 667
667 668
564 669
669 670
670 671
671 672
568 673
673 674
674 675
675 676
568 677
677 678
678 679
679 680
574 681
681 682
682 683
683 684
574 685
685 686
686 687
687 688
580 689
689 690
690 691
691 692
580 693
584 694
584 695
695 696
696 697
697 698
589 699
699 700
700 701
701 702
593 703
593 704
704 705
597 706
706 707
707 708
708 709
597 710
710 711
711 712
712 713
601 714
601 715
612 716
716 717
717 718
718 719
612 720
618 721
721 722
722 723
723 724
618 725
725 726
726 727
727 728
622 729
729 730
730 731
731 732
622 733
733 734
734 735
735 736
628 737
737 738
738 739
739 740
628 741
741 742
742 743
633 744
744 745
745 746
746 747
633 748
748 749
749 750
750 751
652 752
752 753
753 754
754 755
652 756
756 757
757 758
758 759
656 760
760 761
761 762
762 763
656 764
764 765
765 766
766 767
660 768
768 769
660 770
770 771
771 772
772 773
664 774
774 775
775 776
776 777
664 778
680 779
688 780
688 781
781 782
782 783
783 784
692 785
785 786
786 787
787 788
692 789
789 790
790 791
791 792
698 793
793 794
698 795
795 796
796 797
797 798
702 799
799 800
800 801
801 802
702 803
803 804
804 805
805 806
709 807
807 808
808 809
809 810
709 811
811 812
812 813
813 814
713 815
815 816
713 817
817 818
719 819
819 820
820 821
821 822
719 823
823 824
724 825
825 826
826 827
827 828
724 829
829 830
830 831
831 832
728 833
833 834
834 835
835 836
732 837
837 838
838 839
839 840
732 841
841 842
842 843
843 844
736 845
845 846
846 847
847 848
736 849
849 850
850 851
851 852
740 853
740 854
854 855
855 856
856 857
751 858
858 859
859 860
860 861
751 862
862 863
863 864
864 865
755 866
866 867
867 868
868 869
755 870
870 871
871 872
872 873
763 874
874 875
875 876
876 877
763 878
878 879
879 880
880 881
767 882
767 883
773 884
884 885
773 886
886 887
887 888
888 889
784 890
890 891
784 892
892 893
893 894
894 895
788 896
896 897
897 898
898 899
788 900
900 901
901 902
792 903
792 904
904 905
798 906
906 907
798 908
908 909
909 910
910 911
802 912
912 913
913 914
914 915
802 916
916 917
917 918
918 919
806 920
920 921
921 922
922 923
806 924
924 925
925 926
926 927
810 928
928 929
929 930
930 931
810 932
932 933
933 934
934 935
814 936
936 937
937 938
938 939
814 940
940 941
941 942
942 943
822 944
944 945
822 946
946 947
828 948
948 949
949 950
950 951
828 952
952 953
953 954
954 955
832 956
956 957
957 958
958 959
832 960
960 961
961 962
962 963
840 964
964 965
965 966
966 967
840 968
968 969
969 970
970 971
852 972
972 973
973 974
974 975
857 976
976 977
977 978
978 979
857 980
861 981
981 982
982 983
983 984
861 985
985 986
986 987
987 988
865 989
989 990
990 991
991 992
873 993
993 994
994 995
995 996
873 997
997 998
998 999
999 1000
877 1001
1001 1002
1002 1003
1003 1004
877 1005
1005 1006
1006 1007
1007 1008
881 1009
1009 1010
1010 1011
1011 1012
881 1013
895 1014
1014 1015
895 1016
911 1017
911 1018
1018 1019
1019 1020
1020 1021
915 1022
1022 1023
1023 1024
1024 1025
915 1026
1026 1027
1027 1028
1028 1029
919 1030
1030 1031
1031 1032
1032 1033
919 1034
1034 1035
1035 1036
1036 1037
927 1038
1038 1039
1039 1040
1040 1041
927 1042
1042 1043
939 1044
1044 1045
1045 1046
939 1047
1047 1048
1048 1049
1049 1050
955 1051
959 1052
1052 1053
1053 1054
1054 1055
959 1056
1056 1057
1057 1058
1058 1059
963 1060
1060 1061
1061 1062
1062 1063
963 1064
1064 1065
1065 1066
967 1067
1067 1068
1068 1069
1069 1070
967 1071
1071 1072
1072 1073
1073 1074
971 1075
1075 1076
1076 1077
1077 1078
975 1079
1079 1080
1080 1081
1081 1082
975 1083
1083 1084
1084 1085
1085 1086
979 1087
984 1088
1088 1089
1089 1090
1090 1091
984 1092
1092 1093
1093 1094
1094 1095
988 1096
988 1097
996 1098
1098 1099
1099 1100
1100 1101
996 1102
1102 1103
1103 1104
1104 1105
1000 1106
1106 1107
1107 1108
1108 1109
1000 1110
1110 1111
1111 1112
1112 1113
1004 1114
1114 1115
1115 1116
1116 1117
1004 1118
1118 1119
1119 1120
1120 1121
1012 1122
1122 1123
1123 1124
1124 1125
1025 1126
1126 1127
1127 1128
1128 1129
1025 1130
1130 1131
1131 1132
1132 1133
1029 1134
1134 1135
1135 1136
1136 1137
1033 1138
1138 1139
1139 1140
1140 1141
1033 1142
1142 1143
1143 1144
1144 1145
1037 1146
1146 1147
1147 1148
1148 1149
1037 1150
1150 1151
1151 1152
1152 1153
1050 1154
1050 1155
1055 1156
1156 1157
1157 1158
1158 1159
1055 1160
1160 1161
1161 1162
1162 1163
1059 1164
1164 1165
1165 1166
1059 1167
1167 1168
1168 1169
1169 1170
1063 1171
1070 1172
1172 1173
1173 1174
1174 1175
1070 1176
1176 1177
1177 1178
1178 1179
1074 1180
1180 1181
1181 1182
1182 1183
1074 1184
1184 1185
1185 1186
1186 1187
1078 1188
1188 1189
1078 1190
1190 1191
1082 1192
1192 1193
1193 1194
1082 1195
1195 1196
1196 1197
1197 1198
1091 1199
1199 1200
1200 1201
1201 1202
1091 1203
1203 1204
1204 1205
1205 1206
1095 1207
1207 1208
1208 1209
1209 1210
1095 1211
1211 1212
1105 1213
1213 1214
1214 1215
1215 1216
1105 1217
1217 1218
1109 1219
1219 1220
1109 1221
1221 1222
1222 1223
1223 1224
1113 1225
1113 1226
1226 1227
1227 1228
1228 1229
1117 1230
1230 1231
1231 1232
1232 1233
1117 1234
1234 1235
1235 1236
1236 1237
1129 1238
1129 1239
1137 1240
1137 1241
1141 1242
1141 1243
1145 1244
1159 1245
1159 1246
1163 1247
1163 1248
1175 1249
1179 1250
1179 1251
1183 1252
1198 1253
1202 1254
1202 1255
1206 1256
1206 1257
1224 1258
1224 1259
1229 1260
1233 1261
1233 1262
1237 1263
1237 1264
1238 1265
1238 1266
1239 1267
1240 1268
1240 1269
1242 1270
1242 1271
1243 1272
1243 1273
1245 1274
1245 1275
1246 1276
1247 1277
1247 1278
1248 1279
1248 1280
1249 1281
1250 1282
1251 1283
1251 1284
1252 1285
1253 1286
1253 1287
1254 1288
1254 1289
1255 1290
1255 1291
1256 1292
1257 1293
1258 1294
1258 1295
1260 1296
1261 1297
1262 1298
1262 1299
1263 1300
1263 1301
1265 1302
1265 1303
1266 1304
1266 1305
1267 1306
1268 1307
1270 1308
1271 1309
1271 1310
1272 1311
1274 1312
1274 1313
1275 1314
1275 1315
1276 1316
1276 1317
1277 1318
1277 1319
1278 1320
1278 1321
1279 1322
1279 1323
1281 1324
1281 1325
1282 1326
1282 1327
1283 1328
1283 1329
1284 1330
1285 1331
1286 1332
1286 1333
1288 1334
1289 1335
1289 1336
1290 1337
1290 1338
1291 1339
1293 1340
1293 1341
1294 1342
1297 1343
1297 1344
1298 1345
1298 1346
1299 1347
1299 1348
1303 1349
1303 1350
1304 1351
1306 1352
1306 1353
1307 1354
1307 1355
1310 1356
1312 1357
1312 1358
1313 1359
1314 1360
1314 1361
1315 1362
1316 1363
1320 1364
1320 1365
1321 1366
1326 1367
1326 1368
1327 1369
1327 1370
1331 1371
1331 1372
1332 1373
1333 1374
1334 1375
1334 1376
1335 1377
1335 1378
1336 1379
1337 1380
1337 1381
1338 1382
1338 1383
1342 1384
1343 1385
1343 1386
1344 1387
1344 1388
1346 1389
1346 1390
1347 1391
1347 1392
1350 1393
1350 1394
1351 1395
1355 1396
1355 1397
1356 1398
1357 1399
1357 1400
1358 1401
1358 1402
1359 1403
1360 1404
1361 1405
1363 1406
1364 1407
1364 1408
1365 1409
1365 1410
1368 1411
1369 1412
1369 1413
1373 1414
1374 1415
1374 1416
1375 1417
1375 1418
1378 1419
1378 1420
1379 1421
1379 1422
1381 1423
1381 1424
1385 1425
1385 1426
1386 1427
1386 1428
1387 1429
1387 1430
1389 1431
1391 1432
1391 1433
1392 1434
1394 1435
1395 1436
1395 1437
1398 1438
1402 1439
1403 1440
1403 1441
1409 1442
1411 1443
1411 1444
1413 1445
1413 1446
1414 1447
1414 1448
1417 1449
1417 1450
1418 1451
1418 1452
1424 1453
1424 1454
1425 1455
1425 1456
1426 1457
1426 1458
1427 1459
1427 1460
1429 1461
1429 1462
1430 1463
1433 1464
1443 1465
1443 1466
1444 1467
1444 1468
1447 1469
1447 1470
1448 1471
1448 1472
1449 1473
1449 1474
1450 1475
1452 1476
1453 1477
1453 1478
1455 1479
1455 1480
1456 1481
1456 1482
1459 1483
1460 1484
1461 1485
1461 1486
1465 1487
1465 1488
1466 1489
1466 1490
1467 1491
1468 1492
1471 1493
1471 1494
1473 1495
1473 1496
1474 1497
1474 1498
1477 1499
1477 1500
1480 1501
1481 1502
1483 1503
