27
27
81
81
135
135
348
396
404
279
279
315
315
342
342
612
366
661
413
413
717
719
759
764
494
494
503
503
806
530
530
539
539
827
878
897
593
611
611
937
939
670
670
1005
697
697
1144
815
815
836
836
1224
1227
1250
1425
1430
975
1431
1451
1454
1457
1464
1014
1014
1023
1023
1032
1032
1041
1041
1050
1050
1059
1059
1483
1484
1498
1095
1095
1122
1122
1131
1131
1540
1544
1552
1566
1571
1610
1614
1634
1636
1216
1216
1685
1689
1693
1698
1702
1739
1740
1751
1812
1376
1858
1877
1878
1927
1507
1507
2073
2079
2100
2103
2141
2143
2178
2186
2193
1663
1663
2210
2214
2217
2223
2244
2256
2279
2286
2312
1778
1778
1787
1787
2327
2337
1821
1821
2347
2348
2355
2366
2368
2380
2381
2382
1876
1876
1887
1887
1896
1896
2385
2391
2394
2398
2401
2404
2408
2411
2412
2413
2448
1981
1981
2490
2498
2514
2519
2522
2553
2071
2611
2614
2619
2097
2632
2646
2652
2660
2139
2139
2681
2161
2682
2684
2687
2692
2697
2232
2232
2711
2718
2724
2265
2265
2274
2725
2745
2748
2753
2756
2763
2765
2346
2766
2778
2377
2779
2422
2422
2786
2431
2792
2797
2830
2850
2531
2531
2878
2879
2887
2580
2580
2589
2589
2933
2598
2939
2943
2628
2628
2947
2950
2669
2669
2678
2678
2734
2734
2970
2775
2775
3014
2824
2824
2848
3033
2859
2859
3041
3062
3066
3070
3076
3082
2923
2923
3102
3104
3106
3114
3128
3132
2988
2988
3142
3143
3150
3023
3023
3164
3188
3059
3059
3193
3100
3100
3203
3204
3220
3221
3241
3182
3182
3242
3243
3256
3230
3230
3277
3279
3300
3303
3325
3329
3365
3365
3434
3483
