41
23
23
59
64
65
98
99
118
124
126
97
97
153
174
175
176
202
208
242
169
169
173
173
248
249
196
196
200
274
206
216
287
236
236
240
240
246
246
265
269
269
286
388
299
389
303
303
311
311
319
319
412
327
327
418
419
347
347
450
359
488
387
387
397
513
405
405
550
435
435
439
439
447
454
454
571
458
466
466
580
582
474
474
482
482
591
592
606
615
630
636
637
655
537
672
675
549
549
690
697
698
705
707
713
579
579
723
726
768
770
619
619
772
778
780
634
634
787
645
645
804
659
822
824
830
683
683
835
856
717
863
866
738
738
742
883
885
887
890
909
918
784
784
932
935
936
937
799
799
974
975
976
834
834
979
839
980
981
988
855
855
870
874
874
1027
1028
1035
1036
902
1037
1038
913
913
1048
1049
930
1058
1061
1063
1072
1087
1088
1099
1102
1108
973
973
1129
1144
1157
1020
1020
1168
1171
1173
1178
1179
1046
1046
1185
1198
1199
1200
1084
1084
1092
1096
1096
1106
1106
1233
1120
1120
1243
1245
1137
1137
1141
1141
1292
1303
1189
1308
1315
1212
1212
1220
1220
1228
1228
1232
1237
1241
1241
1249
1249
1277
1285
1285
1289
1289
1307
1307
1312
1312
1316
1316
1321
1321
1323
1323
1328
1328
1329
1332
1334
1334
1335
1335
1336
1337
1337
1340
1340
1341
1341
1346
1346
1347
1347
1351
1351
1352
1353
1353
1354
1354
1355
1355
1356
1356
1359
1359
1360
1360
1361
1362
1363
1364
1364
1365
1367
1369
1369
1370
1370
1371
1371
1377
1377
1379
1380
1380
1381
1381
1383
1384
1385
1386
1387
1387
1388
1391
1391
1392
1392
1395
1395
1396
1396
1397
1397
1398
1398
1399
1399
1400
1400
1404
1405
1405
1406
1406
1411
1412
1413
1414
1414
1415
1415
1416
1418
1418
1419
1419
1420
1421
1421
1422
1422
1423
1423
1424
1425
1427
1428
1428
1429
1430
1430
1433
1433
1436
1437
1437
1441
1441
1442
1443
1443
1444
1444
1445
1445
1446
1446
1449
1450
1451
1452
1453
1453
1454
1454
1455
1455
1456
1456
1457
1457
1458
1460
1460
1464
1464
1465
1465
1469
1469
1472
1473
1473
1474
1475
1476
1476
1478
1481
1482
1482
1483
1483
1484
1485
1485
1486
1486
1487
1487
1488
1488
1489
1489
1493
1493
1494
1494
1496
1496
1498
1501
1501
1502
1503
1504
1504
1505
1505
1506
1506
1507
1507
1508
1508
1509
1512
1512
1513
1513
1515
1515
1516
1516
1517
1517
1518
1518
1519
1519
1522
1522
1523
1523
1524
1526
1526
1528
1528
1529
1529
1530
1530
1531
1533
1533
1534
1534
1535
1535
1536
1538
1538
1539
1539
1540
1540
