0 1
1 2
2 3
3 4
4 5
5 6
6 7
7 8
7 9
8 10
10 11
11 12
12 13
13 14
14 15
15 16
16 17
17 18
8 19
19 20
20 21
21 22
22 23
23 24
24 25
25 26
26 27
9 28
28 29
29 30
30 31
31 32
32 33
33 34
34 35
35 36
9 37
37 38
38 39
39 40
40 41
41 42
42 43
43 44
44 45
36 46
46 47
47 48
48 49
49 50
50 51
51 52
52 53
53 54
36 55
55 56
56 57
57 58
58 59
59 60
60 61
61 62
62 63
45 64
64 65
65 66
66 67
67 68
68 69
69 70
70 71
71 72
45 73
73 74
74 75
75 76
76 77
77 78
78 79
79 80
80 81
54 82
82 83
83 84
84 85
85 86
86 87
87 88
88 89
89 90
54 91
91 92
92 93
93 94
94 95
95 96
96 97
97 98
98 99
63 100
100 101
101 102
102 103
103 104
104 105
105 106
106 107
107 108
63 109
109 110
110 111
111 112
112 113
113 114
114 115
115 116
116 117
72 118
118 119
119 120
120 121
121 122
122 123
123 124
124 125
125 126
72 127
127 128
128 129
129 130
130 131
131 132
132 133
133 134
134 135
81 136
136 137
137 138
138 139
139 140
140 141
141 142
142 143
143 144
81 145
145 146
146 147
147 148
148 149
149 150
150 151
151 152
152 153
90 154
154 155
155 156
156 157
157 158
158 159
159 160
160 161
161 162
90 163
163 164
164 165
165 166
166 167
167 168
168 169
169 170
170 171
99 172
172 173
173 174
174 175
175 176
176 177
177 178
178 179
179 180
99 181
181 182
182 183
183 184
184 185
185 186
186 187
187 188
188 189
108 190
190 191
191 192
192 193
193 194
194 195
195 196
196 197
197 198
108 199
199 200
200 201
201 202
202 203
203 204
204 205
205 206
206 207
117 208
208 209
209 210
210 211
211 212
212 213
213 214
214 215
215 216
117 217
217 218
218 219
219 220
220 221
221 222
222 223
223 224
224 225
126 226
226 227
227 228
228 229
229 230
230 231
231 232
232 233
233 234
126 235
235 236
236 237
237 238
238 239
239 240
240 241
241 242
242 243
135 244
244 245
245 246
246 247
247 248
248 249
249 250
250 251
251 252
135 253
253 254
254 255
255 256
256 257
257 258
258 259
259 260
260 261
162 262
262 263
263 264
264 265
265 266
266 267
267 268
268 269
269 270
162 271
271 272
272 273
273 274
274 275
275 276
276 277
277 278
278 279
171 280
280 281
281 282
282 283
283 284
284 285
285 286
286 287
287 288
171 289
289 290
290 291
291 292
292 293
293 294
294 295
295 296
296 297
180 298
298 299
299 300
300 301
301 302
302 303
303 304
304 305
305 306
180 307
307 308
308 309
309 310
310 311
311 312
312 313
313 314
189 315
315 316
316 317
317 318
318 319
319 320
320 321
321 322
322 323
189 324
324 325
325 326
326 327
327 328
328 329
198 330
330 331
331 332
332 333
333 334
334 335
335 336
336 337
337 338
198 339
339 340
340 341
341 342
342 343
343 344
344 345
345 346
346 347
207 348
348 349
349 350
350 351
351 352
352 353
353 354
354 355
355 356
207 357
357 358
358 359
359 360
360 361
361 362
362 363
363 364
364 365
216 366
366 367
367 368
368 369
369 370
370 371
371 372
372 373
373 374
216 375
375 376
376 377
377 378
378 379
379 380
380 381
381 382
382 383
225 384
384 385
385 386
386 387
387 388
388 389
225 390
390 391
391 392
392 393
393 394
394 395
395 396
396 397
234 398
398 399
399 400
400 401
401 402
402 403
403 404
404 405
405 406
234 407
407 408
408 409
409 410
410 411
411 412
412 413
413 414
414 415
243 416
416 417
417 418
418 419
419 420
420 421
421 422
422 423
423 424
243 425
425 426
426 427
427 428
428 429
429 430
430 431
431 432
432 433
252 434
434 435
435 436
436 437
437 438
438 439
439 440
440 441
441 442
252 443
443 444
444 445
445 446
446 447
261 448
448 449
449 450
450 451
451 452
452 453
453 454
454 455
455 456
261 457
457 458
458 459
459 460
460 461
461 462
462 463
463 464
464 465
270 466
466 467
467 468
468 469
469 470
470 471
471 472
472 473
473 474
270 475
475 476
476 477
477 478
478 479
479 480
480 481
481 482
482 483
288 484
484 485
485 486
486 487
487 488
488 489
489 490
490 491
491 492
288 493
493 494
494 495
495 496
496 497
497 498
498 499
499 500
500 501
297 502
502 503
503 504
504 505
505 506
506 507
297 508
508 509
509 510
510 511
511 512
512 513
513 514
514 515
515 516
306 517
517 518
518 519
519 520
520 521
521 522
522 523
523 524
524 525
306 526
526 527
527 528
528 529
529 530
530 531
531 532
532 533
533 534
338 535
535 536
536 537
537 538
538 539
539 540
540 541
541 542
542 543
338 544
544 545
545 546
546 547
547 548
548 549
549 550
550 551
551 552
347 553
553 554
554 555
555 556
556 557
557 558
558 559
559 560
560 561
347 562
562 563
563 564
564 565
565 566
566 567
567 568
568 569
569 570
356 571
571 572
572 573
573 574
574 575
575 576
576 577
577 578
578 579
356 580
580 581
581 582
582 583
583 584
584 585
585 586
586 587
587 588
365 589
365 590
590 591
591 592
592 593
593 594
594 595
595 596
596 597
597 598
406 599
599 600
600 601
601 602
602 603
603 604
604 605
605 606
606 607
406 608
608 609
609 610
610 611
611 612
612 613
613 614
614 615
615 616
415 617
617 618
618 619
619 620
620 621
621 622
622 623
623 624
624 625
415 626
626 627
627 628
628 629
629 630
630 631
631 632
632 633
633 634
424 635
635 636
636 637
637 638
638 639
639 640
640 641
641 642
642 643
424 644
644 645
645 646
646 647
647 648
648 649
649 650
650 651
651 652
433 653
653 654
654 655
655 656
656 657
657 658
658 659
659 660
660 661
433 662
662 663
663 664
664 665
665 666
666 667
667 668
668 669
669 670
442 671
671 672
672 673
673 674
674 675
675 676
676 677
677 678
678 679
442 680
680 681
681 682
682 683
683 684
684 685
685 686
686 687
687 688
456 689
689 690
690 691
691 692
692 693
693 694
694 695
695 696
696 697
456 698
698 699
699 700
700 701
701 702
702 703
703 704
704 705
705 706
465 707
707 708
708 709
465 710
710 711
492 712
712 713
713 714
714 715
715 716
716 717
717 718
718 719
719 720
492 721
721 722
722 723
723 724
724 725
725 726
726 727
727 728
728 729
516 730
730 731
731 732
732 733
733 734
734 735
735 736
516 737
737 738
738 739
739 740
740 741
741 742
742 743
743 744
744 745
525 746
746 747
747 748
748 749
749 750
750 751
751 752
752 753
753 754
525 755
755 756
756 757
757 758
758 759
759 760
760 761
761 762
762 763
534 764
764 765
765 766
766 767
767 768
768 769
769 770
770 771
771 772
534 773
773 774
774 775
775 776
776 777
777 778
778 779
779 780
780 781
543 782
782 783
783 784
784 785
785 786
786 787
787 788
788 789
789 790
543 791
791 792
792 793
793 794
794 795
795 796
796 797
797 798
798 799
552 800
800 801
801 802
802 803
803 804
804 805
805 806
806 807
807 808
552 809
809 810
810 811
811 812
812 813
813 814
814 815
815 816
816 817
561 818
818 819
819 820
820 821
821 822
822 823
823 824
824 825
825 826
561 827
827 828
828 829
829 830
830 831
831 832
832 833
833 834
834 835
570 836
836 837
570 838
838 839
579 840
840 841
841 842
842 843
843 844
844 845
845 846
846 847
579 848
848 849
849 850
850 851
851 852
852 853
853 854
854 855
855 856
588 857
857 858
858 859
859 860
860 861
861 862
862 863
863 864
864 865
588 866
866 867
598 868
598 869
607 870
870 871
871 872
872 873
873 874
874 875
875 876
876 877
877 878
625 879
879 880
880 881
881 882
882 883
883 884
884 885
885 886
886 887
625 888
888 889
889 890
890 891
891 892
892 893
893 894
894 895
895 896
634 897
897 898
634 899
899 900
643 901
901 902
902 903
903 904
904 905
905 906
906 907
907 908
908 909
643 910
910 911
911 912
912 913
913 914
914 915
915 916
916 917
917 918
652 919
919 920
920 921
921 922
922 923
923 924
924 925
925 926
926 927
652 928
928 929
929 930
930 931
931 932
932 933
933 934
934 935
935 936
661 937
937 938
938 939
939 940
940 941
941 942
942 943
943 944
944 945
661 946
946 947
947 948
948 949
949 950
950 951
951 952
952 953
953 954
670 955
955 956
956 957
670 958
958 959
679 960
960 961
961 962
962 963
963 964
964 965
965 966
966 967
967 968
679 969
969 970
970 971
971 972
972 973
973 974
974 975
975 976
976 977
688 978
978 979
979 980
980 981
981 982
688 983
983 984
984 985
985 986
986 987
987 988
988 989
989 990
990 991
729 992
992 993
993 994
994 995
995 996
996 997
997 998
998 999
999 1000
729 1001
1001 1002
1002 1003
1003 1004
1004 1005
1005 1006
1006 1007
1007 1008
1008 1009
745 1010
1010 1011
745 1012
1012 1013
1013 1014
1014 1015
1015 1016
754 1017
1017 1018
1018 1019
1019 1020
1020 1021
1021 1022
1022 1023
1023 1024
1024 1025
754 1026
1026 1027
1027 1028
1028 1029
1029 1030
1030 1031
1031 1032
1032 1033
1033 1034
763 1035
1035 1036
1036 1037
1037 1038
1038 1039
1039 1040
1040 1041
1041 1042
1042 1043
763 1044
1044 1045
1045 1046
1046 1047
1047 1048
1048 1049
1049 1050
1050 1051
1051 1052
772 1053
1053 1054
1054 1055
1055 1056
1056 1057
1057 1058
1058 1059
1059 1060
1060 1061
772 1062
1062 1063
790 1064
1064 1065
1065 1066
1066 1067
790 1068
1068 1069
1069 1070
1070 1071
1071 1072
1072 1073
1073 1074
1074 1075
1075 1076
799 1077
1077 1078
1078 1079
1079 1080
1080 1081
1081 1082
1082 1083
1083 1084
1084 1085
799 1086
1086 1087
1087 1088
1088 1089
1089 1090
1090 1091
1091 1092
1092 1093
1093 1094
808 1095
1095 1096
1096 1097
1097 1098
1098 1099
1099 1100
1100 1101
1101 1102
1102 1103
808 1104
1104 1105
1105 1106
1106 1107
1107 1108
1108 1109
1109 1110
1110 1111
1111 1112
817 1113
1113 1114
1114 1115
1115 1116
1116 1117
1117 1118
1118 1119
1119 1120
1120 1121
817 1122
1122 1123
1123 1124
1124 1125
1125 1126
1126 1127
1127 1128
1128 1129
1129 1130
826 1131
1131 1132
1132 1133
1133 1134
1134 1135
1135 1136
826 1137
1137 1138
1138 1139
1139 1140
1140 1141
1141 1142
1142 1143
1143 1144
1144 1145
835 1146
1146 1147
1147 1148
1148 1149
1149 1150
1150 1151
1151 1152
1152 1153
1153 1154
835 1155
1155 1156
1156 1157
1157 1158
1158 1159
1159 1160
1160 1161
1161 1162
1162 1163
856 1164
1164 1165
856 1166
1166 1167
1167 1168
1168 1169
865 1170
878 1171
1171 1172
1172 1173
1173 1174
1174 1175
1175 1176
1176 1177
1177 1178
1178 1179
878 1180
1180 1181
1181 1182
1182 1183
1183 1184
1184 1185
1185 1186
1186 1187
1187 1188
887 1189
1189 1190
1190 1191
1191 1192
1192 1193
1193 1194
1194 1195
1195 1196
1196 1197
887 1198
1198 1199
1199 1200
1200 1201
1201 1202
1202 1203
1203 1204
1204 1205
1205 1206
909 1207
1207 1208
1208 1209
1209 1210
1210 1211
1211 1212
1212 1213
1213 1214
1214 1215
909 1216
1216 1217
1217 1218
1218 1219
1219 1220
1220 1221
1221 1222
1222 1223
1223 1224
918 1225
1225 1226
1226 1227
1227 1228
1228 1229
1229 1230
1230 1231
1231 1232
1232 1233
918 1234
1234 1235
1235 1236
1236 1237
1237 1238
1238 1239
1239 1240
1240 1241
1241 1242
927 1243
1243 1244
1244 1245
1245 1246
1246 1247
1247 1248
1248 1249
1249 1250
1250 1251
927 1252
1252 1253
1253 1254
1254 1255
1255 1256
1256 1257
1257 1258
1258 1259
1259 1260
936 1261
1261 1262
1262 1263
1263 1264
1264 1265
1265 1266
1266 1267
1267 1268
1268 1269
936 1270
1270 1271
1271 1272
1272 1273
1273 1274
1274 1275
1275 1276
1276 1277
1277 1278
945 1279
1279 1280
1280 1281
1281 1282
1282 1283
1283 1284
1284 1285
1285 1286
1286 1287
945 1288
1288 1289
1289 1290
1290 1291
1291 1292
1292 1293
1293 1294
1294 1295
1295 1296
954 1297
1297 1298
1298 1299
1299 1300
1300 1301
1301 1302
1302 1303
1303 1304
1304 1305
954 1306
1306 1307
1307 1308
1308 1309
1309 1310
1310 1311
968 1312
1312 1313
1313 1314
1314 1315
1315 1316
1316 1317
1317 1318
1318 1319
1319 1320
968 1321
1321 1322
1322 1323
1323 1324
1324 1325
1325 1326
1326 1327
1327 1328
1328 1329
977 1330
1330 1331
1331 1332
1332 1333
1333 1334
1334 1335
1335 1336
1336 1337
1337 1338
977 1339
1339 1340
1000 1341
1341 1342
1342 1343
1343 1344
1344 1345
1345 1346
1346 1347
1347 1348
1348 1349
1000 1350
1350 1351
1351 1352
1352 1353
1353 1354
1354 1355
1355 1356
1356 1357
1357 1358
1009 1359
1359 1360
1360 1361
1361 1362
1362 1363
1363 1364
1364 1365
1365 1366
1366 1367
1009 1368
1368 1369
1369 1370
1370 1371
1371 1372
1372 1373
1373 1374
1374 1375
1375 1376
1025 1377
1377 1378
1378 1379
1379 1380
1380 1381
1381 1382
1382 1383
1383 1384
1384 1385
1025 1386
1386 1387
1387 1388
1388 1389
1389 1390
1390 1391
1391 1392
1392 1393
1393 1394
1034 1395
1395 1396
1396 1397
1397 1398
1398 1399
1399 1400
1400 1401
1401 1402
1402 1403
1034 1404
1404 1405
1405 1406
1406 1407
1052 1408
1408 1409
1409 1410
1410 1411
1411 1412
1412 1413
1413 1414
1414 1415
1415 1416
1052 1417
1417 1418
1418 1419
1419 1420
1420 1421
1421 1422
1422 1423
1423 1424
1424 1425
1061 1426
1426 1427
1427 1428
1428 1429
1429 1430
1430 1431
1431 1432
1432 1433
1433 1434
1061 1435
1435 1436
1436 1437
1437 1438
1438 1439
1439 1440
1440 1441
1441 1442
1442 1443
1076 1444
1444 1445
1076 1446
1446 1447
1085 1448
1448 1449
1449 1450
1450 1451
1085 1452
1452 1453
1453 1454
1454 1455
1455 1456
1456 1457
1457 1458
1458 1459
1459 1460
1103 1461
1461 1462
1462 1463
1463 1464
1464 1465
1465 1466
1466 1467
1467 1468
1468 1469
1103 1470
1470 1471
1471 1472
1472 1473
1473 1474
1474 1475
1475 1476
1476 1477
1477 1478
1112 1479
1479 1480
1480 1481
1481 1482
1482 1483
1483 1484
1484 1485
1485 1486
1486 1487
1112 1488
1488 1489
1489 1490
1490 1491
1491 1492
1492 1493
1493 1494
1494 1495
1121 1496
1496 1497
1497 1498
1498 1499
1499 1500
1500 1501
1501 1502
1502 1503
1503 1504
1121 1505
1505 1506
1506 1507
1507 1508
1508 1509
1509 1510
1510 1511
1511 1512
1512 1513
1130 1514
1514 1515
1130 1516
1516 1517
1179 1518
1518 1519
1519 1520
1520 1521
1521 1522
1522 1523
1523 1524
1524 1525
1525 1526
1179 1527
1527 1528
1528 1529
1529 1530
1530 1531
1531 1532
1532 1533
1533 1534
1534 1535
1188 1536
1536 1537
1537 1538
1538 1539
1539 1540
1540 1541
1541 1542
1542 1543
1543 1544
1188 1545
1545 1546
1546 1547
1547 1548
1548 1549
1549 1550
1550 1551
1551 1552
1552 1553
1197 1554
1554 1555
1555 1556
1556 1557
1557 1558
1558 1559
1559 1560
1560 1561
1561 1562
1197 1563
1563 1564
1564 1565
1206 1566
1566 1567
1567 1568
1568 1569
1569 1570
1570 1571
1571 1572
1572 1573
1573 1574
1206 1575
1575 1576
1576 1577
1215 1578
1578 1579
1579 1580
1580 1581
1581 1582
1582 1583
1583 1584
1584 1585
1585 1586
1215 1587
1587 1588
1588 1589
1589 1590
1590 1591
1591 1592
1592 1593
1593 1594
1594 1595
1224 1596
1596 1597
1597 1598
1598 1599
1599 1600
1600 1601
1601 1602
1602 1603
1603 1604
1224 1605
1605 1606
1606 1607
1607 1608
1608 1609
1609 1610
1610 1611
1611 1612
1612 1613
1233 1614
1614 1615
1615 1616
1616 1617
1617 1618
1618 1619
1619 1620
1620 1621
1621 1622
1233 1623
1623 1624
1624 1625
1625 1626
1626 1627
1627 1628
1628 1629
1629 1630
1630 1631
1242 1632
1632 1633
1633 1634
1634 1635
1635 1636
1636 1637
1637 1638
1638 1639
1639 1640
1242 1641
1641 1642
1642 1643
1643 1644
1644 1645
1645 1646
1646 1647
1647 1648
1648 1649
1251 1650
1650 1651
1651 1652
1652 1653
1653 1654
1654 1655
1655 1656
1656 1657
1657 1658
1251 1659
1659 1660
1660 1661
1661 1662
1662 1663
1663 1664
1664 1665
1665 1666
1666 1667
1260 1668
1668 1669
1669 1670
1670 1671
1671 1672
1672 1673
1673 1674
1674 1675
1675 1676
1260 1677
1677 1678
1678 1679
1679 1680
1680 1681
1287 1682
1682 1683
1683 1684
1684 1685
1685 1686
1686 1687
1687 1688
1688 1689
1689 1690
1287 1691
1691 1692
1692 1693
1693 1694
1694 1695
1695 1696
1696 1697
1697 1698
1698 1699
1305 1700
1700 1701
1305 1702
1702 1703
1703 1704
1704 1705
1320 1706
1706 1707
1707 1708
1708 1709
1709 1710
1710 1711
1711 1712
1712 1713
1713 1714
1320 1715
1715 1716
1716 1717
1717 1718
1718 1719
1719 1720
1720 1721
1721 1722
1722 1723
1329 1724
1724 1725
1725 1726
1726 1727
1727 1728
1728 1729
1329 1730
1730 1731
1731 1732
1732 1733
1733 1734
1734 1735
1735 1736
1736 1737
1737 1738
1338 1739
1739 1740
1740 1741
1367 1742
1742 1743
1743 1744
1744 1745
1745 1746
1746 1747
1747 1748
1748 1749
1749 1750
1367 1751
1751 1752
1752 1753
1753 1754
1754 1755
1755 1756
1756 1757
1757 1758
1758 1759
1385 1760
1760 1761
1761 1762
1762 1763
1763 1764
1764 1765
1765 1766
1766 1767
1767 1768
1385 1769
1769 1770
1770 1771
1771 1772
1772 1773
1773 1774
1774 1775
1775 1776
1776 1777
1394 1778
1778 1779
1779 1780
1780 1781
1781 1782
1782 1783
1783 1784
1784 1785
1785 1786
1394 1787
1787 1788
1788 1789
1789 1790
1790 1791
1791 1792
1792 1793
1793 1794
1794 1795
1403 1796
1796 1797
1797 1798
1798 1799
1799 1800
1800 1801
1801 1802
1802 1803
1803 1804
1403 1805
1805 1806
1806 1807
1807 1808
1416 1809
1809 1810
1810 1811
1811 1812
1812 1813
1813 1814
1814 1815
1815 1816
1816 1817
1416 1818
1818 1819
1819 1820
1820 1821
1821 1822
1822 1823
1823 1824
1824 1825
1825 1826
1425 1827
1827 1828
1828 1829
1829 1830
1830 1831
1831 1832
1832 1833
1833 1834
1834 1835
1425 1836
1836 1837
1837 1838
1838 1839
1839 1840
1840 1841
1841 1842
1842 1843
1843 1844
1434 1845
1845 1846
1846 1847
1847 1848
1848 1849
1849 1850
1850 1851
1851 1852
1852 1853
1434 1854
1854 1855
1855 1856
1856 1857
1443 1858
1858 1859
1859 1860
1860 1861
1861 1862
1862 1863
1443 1864
1864 1865
1865 1866
1866 1867
1867 1868
1868 1869
1460 1870
1460 1871
1469 1872
1872 1873
1873 1874
1874 1875
1875 1876
1876 1877
1877 1878
1878 1879
1879 1880
1469 1881
1881 1882
1882 1883
1883 1884
1884 1885
1885 1886
1886 1887
1478 1888
1888 1889
1889 1890
1890 1891
1891 1892
1892 1893
1893 1894
1894 1895
1895 1896
1478 1897
1897 1898
1898 1899
1899 1900
1900 1901
1901 1902
1902 1903
1903 1904
1904 1905
1487 1906
1906 1907
1504 1908
1908 1909
1909 1910
1910 1911
1911 1912
1912 1913
1913 1914
1914 1915
1915 1916
1504 1917
1917 1918
1918 1919
1919 1920
1920 1921
1921 1922
1922 1923
1923 1924
1924 1925
1526 1926
1926 1927
1927 1928
1928 1929
1929 1930
1930 1931
1931 1932
1932 1933
1933 1934
1526 1935
1935 1936
1936 1937
1937 1938
1938 1939
1939 1940
1940 1941
1941 1942
1942 1943
1535 1944
1944 1945
1945 1946
1946 1947
1947 1948
1948 1949
1949 1950
1950 1951
1951 1952
1535 1953
1953 1954
1954 1955
1955 1956
1956 1957
1957 1958
1958 1959
1959 1960
1960 1961
1544 1962
1962 1963
1963 1964
1964 1965
1965 1966
1966 1967
1967 1968
1968 1969
1969 1970
1544 1971
1971 1972
1972 1973
1973 1974
1974 1975
1975 1976
1976 1977
1977 1978
1978 1979
1553 1980
1980 1981
1981 1982
1982 1983
1983 1984
1984 1985
1985 1986
1986 1987
1987 1988
1553 1989
1989 1990
1990 1991
1991 1992
1992 1993
1993 1994
1994 1995
1995 1996
1996 1997
1562 1998
1998 1999
1999 2000
2000 2001
2001 2002
2002 2003
2003 2004
2004 2005
1562 2006
2006 2007
1574 2008
2008 2009
2009 2010
2010 2011
2011 2012
2012 2013
2013 2014
2014 2015
2015 2016
1574 2017
2017 2018
2018 2019
2019 2020
2020 2021
2021 2022
2022 2023
2023 2024
2024 2025
1586 2026
2026 2027
2027 2028
2028 2029
2029 2030
2030 2031
2031 2032
2032 2033
2033 2034
1586 2035
2035 2036
2036 2037
2037 2038
2038 2039
2039 2040
2040 2041
2041 2042
2042 2043
1595 2044
2044 2045
2045 2046
2046 2047
2047 2048
2048 2049
2049 2050
2050 2051
2051 2052
1595 2053
2053 2054
2054 2055
1604 2056
2056 2057
2057 2058
2058 2059
2059 2060
2060 2061
2061 2062
2062 2063
2063 2064
1604 2065
2065 2066
2066 2067
2067 2068
2068 2069
2069 2070
2070 2071
2071 2072
2072 2073
1622 2074
2074 2075
2075 2076
2076 2077
2077 2078
2078 2079
2079 2080
2080 2081
2081 2082
1622 2083
2083 2084
2084 2085
2085 2086
2086 2087
2087 2088
2088 2089
2089 2090
2090 2091
1640 2092
2092 2093
2093 2094
2094 2095
2095 2096
2096 2097
2097 2098
2098 2099
2099 2100
1640 2101
2101 2102
2102 2103
2103 2104
2104 2105
2105 2106
2106 2107
2107 2108
2108 2109
1649 2110
2110 2111
2111 2112
2112 2113
2113 2114
2114 2115
2115 2116
2116 2117
2117 2118
1649 2119
2119 2120
2120 2121
2121 2122
2122 2123
2123 2124
2124 2125
2125 2126
2126 2127
1658 2128
2128 2129
2129 2130
2130 2131
2131 2132
2132 2133
2133 2134
2134 2135
2135 2136
1658 2137
2137 2138
2138 2139
2139 2140
2140 2141
2141 2142
2142 2143
2143 2144
2144 2145
1667 2146
2146 2147
2147 2148
2148 2149
2149 2150
2150 2151
2151 2152
1667 2153
2153 2154
2154 2155
2155 2156
2156 2157
2157 2158
2158 2159
1676 2160
2160 2161
2161 2162
2162 2163
2163 2164
2164 2165
1676 2166
2166 2167
2167 2168
2168 2169
2169 2170
1690 2171
2171 2172
2172 2173
2173 2174
2174 2175
2175 2176
2176 2177
2177 2178
2178 2179
1690 2180
2180 2181
2181 2182
2182 2183
2183 2184
1699 2185
2185 2186
2186 2187
2187 2188
2188 2189
2189 2190
2190 2191
2191 2192
2192 2193
1699 2194
2194 2195
2195 2196
2196 2197
2197 2198
2198 2199
2199 2200
2200 2201
2201 2202
1714 2203
2203 2204
2204 2205
1714 2206
2206 2207
2207 2208
2208 2209
2209 2210
2210 2211
2211 2212
2212 2213
2213 2214
1723 2215
2215 2216
1723 2217
2217 2218
2218 2219
2219 2220
2220 2221
2221 2222
2222 2223
2223 2224
2224 2225
1738 2226
1738 2227
1759 2228
1768 2229
1768 2230
1777 2231
1777 2232
1786 2233
1795 2234
1804 2235
1804 2236
1817 2237
1817 2238
1826 2239
1826 2240
1835 2241
1835 2242
1853 2243
1853 2244
1905 2245
1905 2246
1934 2247
1934 2248
1943 2249
1943 2250
1952 2251
1979 2252
1979 2253
1988 2254
1988 2255
1997 2256
1997 2257
2016 2258
2016 2259
2025 2260
2034 2261
2034 2262
2043 2263
2043 2264
2052 2265
2052 2266
2064 2267
2073 2268
2073 2269
2082 2270
2100 2271
2179 2272
2179 2273
2202 2274
2225 2275
2225 2276
2229 2277
2229 2278
2230 2279
2230 2280
2231 2281
2231 2282
2235 2283
2236 2284
2240 2285
2240 2286
2242 2287
2242 2288
2243 2289
2243 2290
2244 2291
2248 2292
2249 2293
2251 2294
2251 2295
2257 2296
2259 2297
2261 2298
2261 2299
2262 2300
2262 2301
2267 2302
2267 2303
2268 2304
2275 2305
2275 2306
2279 2307
2279 2308
2282 2309
2295 2310
2295 2311
2296 2312
2296 2313
2299 2314
2299 2315
2300 2316
2301 2317
2301 2318
2306 2319
2306 2320
2307 2321
2315 2322
2315 2323
2316 2324
2317 2325
2317 2326
2319 2327
2320 2328
2320 2329
2321 2330
2328 2331
2329 2332
2330 2333
2331 2334
2331 2335
2332 2336
2332 2337
2333 2338
2335 2339
2336 2340
2337 2341
2338 2342
2338 2343
2339 2344
2340 2345
2340 2346
2341 2347
2341 2348
2342 2349
2342 2350
2343 2351
2343 2352
2344 2353
2344 2354
2345 2355
2345 2356
2346 2357
2346 2358
2347 2359
2347 2360
2349 2361
2349 2362
2350 2363
2350 2364
2351 2365
2351 2366
2353 2367
2353 2368
2355 2369
2355 2370
2356 2371
2356 2372
2357 2373
2357 2374
2358 2375
2359 2376
2359 2377
2360 2378
2361 2379
2361 2380
2362 2381
2362 2382
2363 2383
2363 2384
2364 2385
2365 2386
2365 2387
2366 2388
2367 2389
2368 2390
2369 2391
2369 2392
2370 2393
2370 2394
2371 2395
2371 2396
2373 2397
2373 2398
2376 2399
2376 2400
2377 2401
2377 2402
2379 2403
2379 2404
2380 2405
2380 2406
2381 2407
2381 2408
2383 2409
2383 2410
2384 2411
2385 2412
2389 2413
2389 2414
2390 2415
2390 2416
2391 2417
2391 2418
2392 2419
2392 2420
2393 2421
2393 2422
2395 2423
2395 2424
2397 2425
2397 2426
2400 2427
2400 2428
2402 2429
2403 2430
2403 2431
2404 2432
2405 2433
2405 2434
2406 2435
2407 2436
2407 2437
2408 2438
2409 2439
2409 2440
2410 2441
2410 2442
2411 2443
2411 2444
2413 2445
2413 2446
2414 2447
2417 2448
2417 2449
2418 2450
2418 2451
2419 2452
2419 2453
2420 2454
2421 2455
2421 2456
2422 2457
2423 2458
2423 2459
2425 2460
2425 2461
2427 2462
2427 2463
2429 2464
2430 2465
2430 2466
2431 2467
2431 2468
2432 2469
2433 2470
2433 2471
2434 2472
2435 2473
2436 2474
2436 2475
2437 2476
2437 2477
2438 2478
2439 2479
2439 2480
2441 2481
2441 2482
2442 2483
2443 2484
2443 2485
2445 2486
2445 2487
2447 2488
2447 2489
2448 2490
2448 2491
2449 2492
2449 2493
2450 2494
2450 2495
2451 2496
2452 2497
2452 2498
2453 2499
2453 2500
2454 2501
2454 2502
2455 2503
2455 2504
2456 2505
2456 2506
2458 2507
2458 2508
2459 2509
2460 2510
2460 2511
2462 2512
2464 2513
2464 2514
2465 2515
2465 2516
2466 2517
2466 2518
2467 2519
2467 2520
2468 2521
2469 2522
2469 2523
2470 2524
2470 2525
2471 2526
2471 2527
2473 2528
2474 2529
2474 2530
2475 2531
2475 2532
2476 2533
2476 2534
2479 2535
2479 2536
2480 2537
2482 2538
2483 2539
2483 2540
2486 2541
2486 2542
2488 2543
2488 2544
2489 2545
2490 2546
2490 2547
2491 2548
2491 2549
2492 2550
2492 2551
2493 2552
2494 2553
2494 2554
2495 2555
2495 2556
2497 2557
2497 2558
2498 2559
2498 2560
2499 2561
2501 2562
2501 2563
2502 2564
2502 2565
2503 2566
2503 2567
2504 2568
2504 2569
2505 2570
2507 2571
2507 2572
2509 2573
2510 2574
2512 2575
2512 2576
2514 2577
2515 2578
2515 2579
2516 2580
2516 2581
2517 2582
2517 2583
2519 2584
2520 2585
2521 2586
2521 2587
2524 2588
2524 2589
2525 2590
2525 2591
2529 2592
2529 2593
2530 2594
2530 2595
2531 2596
2532 2597
2532 2598
2533 2599
2533 2600
2534 2601
2534 2602
2535 2603
2535 2604
2536 2605
2536 2606
2537 2607
2537 2608
2538 2609
2538 2610
2541 2611
2541 2612
2543 2613
2543 2614
2544 2615
2545 2616
2545 2617
2546 2618
2546 2619
2547 2620
2547 2621
2548 2622
2548 2623
2549 2624
2550 2625
2550 2626
2552 2627
2552 2628
2553 2629
2553 2630
2555 2631
2557 2632
2557 2633
2559 2634
2560 2635
2561 2636
2561 2637
2562 2638
2562 2639
2563 2640
2563 2641
2565 2642
2565 2643
2566 2644
2566 2645
2567 2646
2567 2647
2568 2648
2571 2649
2571 2650
2573 2651
2574 2652
2575 2653
2575 2654
2576 2655
2577 2656
2578 2657
2578 2658
2579 2659
2579 2660
2580 2661
2580 2662
2581 2663
2582 2664
2582 2665
2583 2666
2583 2667
2585 2668
2585 2669
2588 2670
2588 2671
2589 2672
2589 2673
2592 2674
2592 2675
2593 2676
2593 2677
2594 2678
2594 2679
2597 2680
2597 2681
2599 2682
2600 2683
2601 2684
2601 2685
2602 2686
2603 2687
2603 2688
2604 2689
2605 2690
2605 2691
2608 2692
2611 2693
2611 2694
2613 2695
2613 2696
2615 2697
2615 2698
2616 2699
2616 2700
2617 2701
2617 2702
2618 2703
2618 2704
2619 2705
2619 2706
2620 2707
2620 2708
2621 2709
2621 2710
2622 2711
2622 2712
2623 2713
2623 2714
2625 2715
2625 2716
2627 2717
2628 2718
2629 2719
2629 2720
2631 2721
2632 2722
2632 2723
2633 2724
2636 2725
2640 2726
2640 2727
2641 2728
2642 2729
2642 2730
2644 2731
2644 2732
2646 2733
2646 2734
2649 2735
2652 2736
2653 2737
2653 2738
2654 2739
2654 2740
2656 2741
2657 2742
2657 2743
2658 2744
2658 2745
2659 2746
2659 2747
2660 2748
2661 2749
2661 2750
2662 2751
2662 2752
2664 2753
2664 2754
2665 2755
2665 2756
2666 2757
2666 2758
2668 2759
2670 2760
2670 2761
2671 2762
2671 2763
2672 2764
2672 2765
2674 2766
2674 2767
2675 2768
2675 2769
2676 2770
2677 2771
2679 2772
2683 2773
2683 2774
2684 2775
2685 2776
2687 2777
2687 2778
2688 2779
2694 2780
2694 2781
2695 2782
2695 2783
2696 2784
2696 2785
2697 2786
2698 2787
2699 2788
2699 2789
2701 2790
2702 2791
2703 2792
2703 2793
2705 2794
2705 2795
2706 2796
2706 2797
2707 2798
2707 2799
2708 2800
2708 2801
2709 2802
2709 2803
2711 2804
2711 2805
2712 2806
2715 2807
2715 2808
2717 2809
2717 2810
2719 2811
2719 2812
2720 2813
2724 2814
2724 2815
2725 2816
2726 2817
2726 2818
2727 2819
2727 2820
2728 2821
2731 2822
2731 2823
2732 2824
2735 2825
2735 2826
2736 2827
2737 2828
2737 2829
2738 2830
2741 2831
2742 2832
2742 2833
2743 2834
2743 2835
2744 2836
2744 2837
2745 2838
2746 2839
2746 2840
2747 2841
2749 2842
2749 2843
2751 2844
2751 2845
2752 2846
2752 2847
2753 2848
2753 2849
2754 2850
2756 2851
2759 2852
2760 2853
2762 2854
2762 2855
2763 2856
2763 2857
2764 2858
2764 2859
2766 2860
2772 2861
2776 2862
2776 2863
2777 2864
2777 2865
2778 2866
2780 2867
2780 2868
2782 2869
2782 2870
2783 2871
2783 2872
2786 2873
2788 2874
2789 2875
2790 2876
2790 2877
2792 2878
2792 2879
2793 2880
2793 2881
2794 2882
2794 2883
2795 2884
2798 2885
2798 2886
2799 2887
2799 2888
2800 2889
2800 2890
2801 2891
2801 2892
2802 2893
2804 2894
2804 2895
2805 2896
2806 2897
2811 2898
2811 2899
2812 2900
2815 2901
2815 2902
2816 2903
2816 2904
2817 2905
2818 2906
2819 2907
2819 2908
2820 2909
2821 2910
2822 2911
2822 2912
2823 2913
2825 2914
2825 2915
2827 2916
2828 2917
2828 2918
2830 2919
2830 2920
2831 2921
2832 2922
2832 2923
2833 2924
2833 2925
2834 2926
2836 2927
2836 2928
2839 2929
2839 2930
2840 2931
2840 2932
2842 2933
2843 2934
2843 2935
2844 2936
2844 2937
2847 2938
2848 2939
2848 2940
2849 2941
2850 2942
2850 2943
2851 2944
2851 2945
2852 2946
2854 2947
2855 2948
2855 2949
2856 2950
2856 2951
2862 2952
2862 2953
2863 2954
2864 2955
2864 2956
2865 2957
2865 2958
2866 2959
2866 2960
2867 2961
2869 2962
2869 2963
2870 2964
2870 2965
2871 2966
2871 2967
2872 2968
2874 2969
2876 2970
2876 2971
2877 2972
2877 2973
2878 2974
2878 2975
2879 2976
2879 2977
2880 2978
2880 2979
2881 2980
2882 2981
2882 2982
2885 2983
2885 2984
2887 2985
2887 2986
2889 2987
2894 2988
2894 2989
2896 2990
2896 2991
2898 2992
2898 2993
2899 2994
2899 2995
2901 2996
2902 2997
2902 2998
2904 2999
2905 3000
2905 3001
2906 3002
2906 3003
2907 3004
2910 3005
2910 3006
2912 3007
2913 3008
2914 3009
2915 3010
2915 3011
2916 3012
2917 3013
2918 3014
2918 3015
2919 3016
2919 3017
2920 3018
2920 3019
2922 3020
2922 3021
2923 3022
2923 3023
2924 3024
2924 3025
2925 3026
2926 3027
2929 3028
2929 3029
2930 3030
2931 3031
2932 3032
2932 3033
2933 3034
2933 3035
2934 3036
2934 3037
2936 3038
2939 3039
2939 3040
2940 3041
2940 3042
2943 3043
2944 3044
2944 3045
2945 3046
2948 3047
2948 3048
2951 3049
2953 3050
2953 3051
2954 3052
2954 3053
2955 3054
2955 3055
2956 3056
2956 3057
2957 3058
2957 3059
2962 3060
2962 3061
2963 3062
2963 3063
2964 3064
2964 3065
2966 3066
2966 3067
2969 3068
2970 3069
2970 3070
2971 3071
2974 3072
2974 3073
2975 3074
2976 3075
2976 3076
2977 3077
2978 3078
2978 3079
2980 3080
2980 3081
2981 3082
2981 3083
2983 3084
2983 3085
2985 3086
2986 3087
2988 3088
2988 3089
2989 3090
2991 3091
2991 3092
2992 3093
2992 3094
2995 3095
2996 3096
2997 3097
2998 3098
2998 3099
3000 3100
3000 3101
3002 3102
3002 3103
3004 3104
3005 3105
3006 3106
3006 3107
3007 3108
3008 3109
3009 3110
3009 3111
3010 3112
3010 3113
3012 3114
3014 3115
3014 3116
3016 3117
3016 3118
3018 3119
3018 3120
3019 3121
3020 3122
3020 3123
3021 3124
3021 3125
3023 3126
3024 3127
3024 3128
3026 3129
3027 3130
3027 3131
3028 3132
3028 3133
3029 3134
3031 3135
3031 3136
3032 3137
3034 3138
3034 3139
3036 3140
3036 3141
3037 3142
3038 3143
3039 3144
3039 3145
3040 3146
3040 3147
3041 3148
3043 3149
3043 3150
3044 3151
3044 3152
3045 3153
3045 3154
3047 3155
3050 3156
3051 3157
3052 3158
3052 3159
3054 3160
3054 3161
3055 3162
3055 3163
3060 3164
3060 3165
3061 3166
3061 3167
3062 3168
3062 3169
3066 3170
3066 3171
3068 3172
3068 3173
3069 3174
3069 3175
3072 3176
3072 3177
3073 3178
3073 3179
3074 3180
3074 3181
3075 3182
3075 3183
3076 3184
3079 3185
3079 3186
3080 3187
3080 3188
3082 3189
3082 3190
3083 3191
3083 3192
3085 3193
3085 3194
3088 3195
3088 3196
3089 3197
3091 3198
3091 3199
3092 3200
3093 3201
3093 3202
3095 3203
3099 3204
3100 3205
3100 3206
3102 3207
3102 3208
3104 3209
3105 3210
3105 3211
3106 3212
3106 3213
3107 3214
3107 3215
3108 3216
3110 3217
3110 3218
3111 3219
3111 3220
3113 3221
3115 3222
3115 3223
3116 3224
3117 3225
3122 3226
3122 3227
3123 3228
3123 3229
3124 3230
3124 3231
3126 3232
3127 3233
3127 3234
3128 3235
3128 3236
3130 3237
3130 3238
3131 3239
3131 3240
3132 3241
3132 3242
3133 3243
3136 3244
3138 3245
3138 3246
3140 3247
3141 3248
3143 3249
3144 3250
3144 3251
3145 3252
3145 3253
3146 3254
3146 3255
3147 3256
3148 3257
3149 3258
3150 3259
3150 3260
3153 3261
3153 3262
3155 3263
3157 3264
3158 3265
3159 3266
3161 3267
3161 3268
3162 3269
3162 3270
3164 3271
3164 3272
3165 3273
3166 3274
3166 3275
3168 3276
3168 3277
3170 3278
3170 3279
3172 3280
3173 3281
3174 3282
3175 3283
3175 3284
3176 3285
3176 3286
3177 3287
3177 3288
3178 3289
3178 3290
3179 3291
3180 3292
3180 3293
3181 3294
3185 3295
3187 3296
3188 3297
3188 3298
3189 3299
3189 3300
3190 3301
3190 3302
3192 3303
3192 3304
3195 3305
3195 3306
3196 3307
3196 3308
3198 3309
3198 3310
3200 3311
3200 3312
3201 3313
3201 3314
3205 3315
3205 3316
3207 3317
3207 3318
3209 3319
3213 3320
3216 3321
3216 3322
3219 3323
3219 3324
3221 3325
3222 3326
3222 3327
3223 3328
3224 3329
3224 3330
3225 3331
3227 3332
3230 3333
3232 3334
3232 3335
3235 3336
3236 3337
3237 3338
3238 3339
3238 3340
3241 3341
3241 3342
3242 3343
3243 3344
3243 3345
3245 3346
3245 3347
3249 3348
3249 3349
3250 3350
3250 3351
3251 3352
3251 3353
3252 3354
3254 3355
3258 3356
3259 3357
3259 3358
3262 3359
3272 3360
3273 3361
3273 3362
3274 3363
3274 3364
3275 3365
3277 3366
3277 3367
3278 3368
3280 3369
3280 3370
3281 3371
3282 3372
3285 3373
3285 3374
3286 3375
3286 3376
3287 3377
3287 3378
3289 3379
3289 3380
3291 3381
3292 3382
3296 3383
3296 3384
3299 3385
3299 3386
3300 3387
3300 3388
3303 3389
3303 3390
3305 3391
3305 3392
3307 3393
3307 3394
3309 3395
3311 3396
3311 3397
3312 3398
3313 3399
3313 3400
3316 3401
3318 3402
3321 3403
3324 3404
3327 3405
3327 3406
3342 3407
3342 3408
3346 3409
3346 3410
3347 3411
3347 3412
3348 3413
3350 3414
3350 3415
3353 3416
3355 3417
3355 3418
3366 3419
3370 3420
3372 3421
3375 3422
3376 3423
3379 3424
3379 3425
3380 3426
3381 3427
3383 3428
3389 3429
3389 3430
