41
23
23
59
64
65
98
99
118
124
126
97
97
153
174
175
176
202
208
242
169
169
173
173
248
249
196
196
200
274
206
216
287
236
236
240
240
246
246
265
269
269
286
388
299
389
303
303
311
311
319
319
412
327
327
418
419
347
347
450
359
488
387
387
397
513
405
405
550
435
435
439
439
447
454
454
571
458
466
466
580
582
474
474
482
482
591
592
606
615
630
636
637
655
537
672
675
549
549
690
697
698
705
707
713
579
579
723
726
768
770
619
619
772
778
780
634
634
787
645
645
804
659
822
824
830
683
683
835
856
717
863
866
738
738
742
883
885
887
890
909
918
784
784
932
935
936
937
799
799
974
975
976
834
834
979
839
980
981
988
855
855
870
874
874
1027
1028
1035
1036
902
1037
1038
913
913
1048
1049
930
1058
1061
1063
1072
1087
1088
1099
1102
1108
973
973
1129
1144
1157
1020
1020
1168
1171
1173
1178
1179
1046
1046
1185
1198
1199
1200
1084
1084
1092
1096
1096
1106
1106
1233
1120
1120
1243
1245
1137
1137
1141
1141
1292
1303
1189
1308
1315
