18
18
27
27
144
144
153
153
314
329
389
397
447
279
279
507
323
323
589
374
374
383
383
709
711
474
474
483
483
501
501
736
837
839
847
867
868
869
607
616
616
898
900
957
959
982
697
697
706
706
720
720
1011
1016
1063
781
781
1067
1136
1165
1169
865
1170
896
896
1311
1340
991
991
1407
1043
1043
1445
1447
1451
1094
1094
1495
1515
1517
1145
1145
1154
1154
1163
1163
1565
1577
1681
1269
1269
1278
1278
1296
1296
1701
1705
1729
1741
1338
1349
1349
1358
1358
1376
1376
1808
1857
1863
1869
1870
1871
1887
1487
1907
1513
1513
2005
2007
2055
1613
1613
1631
1631
2152
2159
2165
2170
2184
2205
2216
2226
2227
