0.000000000000000000e+00 3.129999999999999893e+00 0.000000000000000000e+00
1.145172016173477345e-03 3.122607167355654578e+00 -2.247564423555993285e-01
6.270238112182833362e-03 3.115742629835799526e+00 -4.516342714928566759e-01
6.154349449570799789e-03 3.114586405777710620e+00 -6.767133764813797470e-01
6.233567648543172912e-03 3.109939320689501407e+00 -9.014926674331206202e-01
6.225975448725892293e-03 3.094856542066088956e+00 -1.125484384444809915e+00
6.096319123272892979e-03 3.081962810965829913e+00 -1.349911190563714669e+00
6.607358104854053199e-03 3.071747859570490125e+00 -1.574055114987742421e+00
1.871319953536496328e-01 3.030532873443351871e+00 -1.993077624502277878e+00
-1.841393576894950757e-01 3.045348192194099912e+00 -1.801149184736812625e+00
