18
18
27
27
144
144
153
153
314
329
389
397
447
279
279
507
323
323
589
374
374
383
383
709
711
474
474
483
483
501
501
736
837
839
847
867
868
869
607
616
616
898
900
957
959
982
697
697
706
706
720
720
1011
1016
1063
781
781
1067
1136
1165
1169
865
1170
896
896
1311
1340
991
991
1407
1043
1043
1445
1447
1451
1094
1094
1495
1515
1517
1145
1145
1154
1154
1163
1163
1565
1577
1681
1269
1269
1278
1278
1296
1296
1701
1705
1729
1741
1338
1349
1349
1358
1358
1376
1376
1808
1857
1863
1869
1870
1871
1887
1487
1907
1513
1513
2005
2007
2055
1613
1613
1631
1631
2152
2159
2165
2170
2184
2205
2216
2226
2227
1750
1750
1759
1786
1795
1844
1844
1880
1880
1896
1896
1916
1916
1925
1925
1952
1961
1961
1970
1970
2025
2064
2082
2091
2091
2100
2109
2109
2118
2118
2127
2127
2136
2136
2145
2145
2193
2193
2202
2214
2214
2228
2228
2232
2232
2233
2233
2234
2234
2235
2236
2237
2237
2238
2238
2239
2239
2241
2241
2244
2245
2245
2246
2246
2247
2247
2248
2249
2250
2250
2252
2252
2253
2253
2254
2254
2255
2255
2256
2256
2257
2258
2258
2259
2260
2260
2263
2263
2264
2264
2265
2265
2266
2266
2268
2269
2269
2270
2270
2271
2271
2272
2272
2273
2273
2274
2274
2276
2276
2277
2277
2278
2278
2280
2280
2281
2281
2282
2283
2283
2284
2284
2285
2285
2286
2286
2287
2287
2288
2288
2289
2289
2290
2290
2291
2291
2292
2292
2293
2293
2294
2294
2297
2297
2298
2298
2300
2302
2302
2303
2303
2304
2304
2305
2305
2307
2308
2308
2309
2309
2310
2310
2311
2311
2312
2312
2313
2313
2314
2314
2316
2318
2318
2319
2321
2322
2322
2323
2323
2324
2324
2325
2325
2326
2326
2327
2327
2328
2329
2330
2333
2334
2334
2335
2336
2337
2339
2348
2348
2352
2352
2354
2354
2358
2360
2364
2366
2367
2368
2372
2372
2374
2374
2375
2375
2378
2378
2382
2382
2384
2385
2386
2386
2387
2387
2388
2388
2394
2394
2396
2396
2398
2398
2399
2399
2401
2401
2402
2404
2406
2408
2412
2412
2414
2415
2415
2416
2416
2420
2422
2424
2424
2426
2426
2428
2428
2429
2432
2434
2435
2438
2440
2440
2442
2444
2444
2446
2446
2451
2457
2457
2459
2461
2461
2462
2463
2463
2468
2472
2472
2473
2477
2477
2478
2478
2480
2481
2481
2482
2484
2484
2485
2485
2487
2487
2489
2493
2496
2496
2499
2500
2500
2505
2506
2506
2508
2508
2509
2510
2511
2511
2513
2513
2514
2518
2518
2519
2520
2522
2522
2523
2523
2526
2526
2527
2527
2528
2528
2531
2539
2539
2540
2540
2542
2542
2544
2549
2551
2551
2554
2554
2555
2556
2556
2558
2558
2559
2560
2564
2564
2568
2569
2569
2570
2570
2572
2572
2573
2574
2576
2577
2581
2584
2584
2586
2586
2587
2587
2590
2590
2591
2591
2595
2595
2596
2596
2598
2598
2599
2600
2602
2604
2606
2606
2607
2607
2608
2609
2609
2610
2610
2612
2612
2614
2614
2624
2624
2626
2626
2627
2628
2630
2630
2631
2633
2634
2634
2635
2635
2636
2637
2637
2638
2638
2639
2639
2641
2643
2643
2645
2645
2647
2647
2648
2648
2649
2650
2650
2651
2651
2652
2655
2655
2656
2660
2663
2663
2667
2667
2668
2669
2669
2673
2673
2676
2677
2678
2678
2679
2680
2680
2681
2681
2682
2682
2684
2685
2686
2686
2688
2689
2689
2690
2690
2691
2691
2692
2692
2693
2693
2697
2698
2700
2700
2701
2702
2704
2704
2710
2710
2712
2713
2713
2714
2714
2716
2716
2718
2718
2720
2721
2721
2722
2722
2723
2723
2725
2728
2729
2729
2730
2730
2732
2733
2733
2734
2734
2736
2738
2739
2739
2740
2740
2741
2745
2747
2748
2748
2750
2750
2754
2755
2755
2756
2757
2757
2758
2758
2759
2760
2761
2761
2765
2765
2766
2767
2767
2768
2768
2769
2769
2770
2770
2771
2771
2772
2773
2773
2774
2774
2775
2775
2778
2779
2779
2781
2781
2784
2784
2785
2785
2786
2787
2787
2788
2789
2791
2791
2795
2796
2796
2797
2797
2802
2803
2803
2805
2806
2807
2807
2808
2808
2809
2809
2810
2810
2812
2813
2813
2814
2814
2817
2818
2820
2821
2823
2824
2824
2826
2826
2827
2829
2829
2831
2834
2835
2835
2837
2837
2838
2838
2841
2841
2842
2845
2845
2846
2846
2847
2849
2852
2853
2853
2854
2857
2857
2858
2858
2859
2859
2860
2860
2861
2861
2863
2867
2868
2868
2872
2873
2873
2874
2875
2875
2881
2883
2883
2884
2884
2886
2886
2888
2888
2889
2890
2890
2891
2891
2892
2892
2893
2893
2895
2895
2897
2897
2900
2900
2901
2903
2903
2904
2907
2908
2908
2909
2909
2911
2911
2912
2913
2914
2916
2917
2921
2921
2925
2926
2927
2927
2928
2928
2930
2931
2935
2935
2936
2937
2937
2938
2938
2941
2941
2942
2942
2943
2945
2946
2946
2947
2947
2949
2949
2950
2950
2951
2952
2952
2958
2958
2959
2959
2960
2960
2961
2961
2965
2965
2967
2967
2968
2968
2969
2971
2972
2972
2973
2973
2975
2977
2979
2979
2982
2982
2984
2984
2985
2986
2987
2987
2989
2990
2990
2993
2993
2994
2994
2995
2996
2997
2999
2999
3001
3001
3003
3003
3004
3005
3007
3008
3011
3011
3012
3013
3013
3015
3015
3017
3017
3019
3022
3022
3023
3025
3025
3026
3029
3030
3030
3032
3033
3033
3035
3035
3037
3038
3041
3042
3042
3046
3046
3047
3048
3048
3049
3049
3050
3051
3053
3053
3056
3056
3057
3057
3058
3058
3059
3059
3063
3063
3064
3064
3065
3065
3067
3067
3070
3070
3071
3071
3076
3077
3077
3078
3078
3081
3081
3084
3084
3086
3086
3087
3087
3089
3090
3090
3092
3094
3094
3095
3096
3096
3097
3097
3098
3098
3099
3101
3101
3103
3103
3104
3108
3109
3109
3112
3112
3113
3114
3114
3116
3117
3118
3118
3119
3119
3120
3120
3121
3121
3125
3125
3126
3129
3129
3133
3134
3134
3135
3135
3136
3137
3137
3139
3139
3140
3141
3142
3142
3143
3147
3148
3149
3151
3151
3152
3152
3154
3154
3155
3156
3156
3157
3158
3159
3160
3160
3163
3163
3165
3167
3167
3169
3169
3171
3171
3172
3173
3174
3179
3181
3182
3182
3183
3183
3184
3184
3185
3186
3186
3187
3191
3191
3193
3193
3194
3194
3197
3197
3199
3199
3202
3202
3203
3203
3204
3204
3206
3206
3208
3208
3209
3210
3210
3211
3211
3212
3212
3213
3214
3214
3215
3215
3217
3217
3218
3218
3220
3220
3221
3223
3225
3226
3226
3227
3228
3228
3229
3229
3230
3231
3231
3233
3233
3234
3234
3235
3236
3237
3239
3239
3240
3240
3242
3244
3244
3246
3246
3247
3247
3248
3248
3252
3253
3253
3254
3255
3255
3256
3256
3257
3257
3258
3260
3260
3261
3261
3262
3263
3263
3264
3264
3265
3265
3266
3266
3267
3267
3268
3268
3269
3269
3270
3270
3271
3271
3272
3275
3276
3276
3278
3279
3279
3281
3282
3283
3283
3284
3284
3288
3288
3290
3290
3291
3292
3293
3293
3294
3294
3295
3295
3297
3297
3298
3298
3301
3301
3302
3302
3304
3304
3306
3306
3308
3308
3309
3310
3310
3312
3314
3314
3315
3315
3316
3317
3317
3318
3319
3319
3320
3320
3321
3322
3322
3323
3323
3324
3325
3325
3326
3326
3328
3328
3329
3329
3330
3330
3331
3331
3332
3332
3333
3333
3334
3334
3335
3335
3336
3336
3337
3337
3338
3338
3339
3339
3340
3340
3341
3341
3343
3343
3344
3344
3345
3345
3348
3349
3349
3351
3351
3352
3352
3353
3354
3354
3356
3356
3357
3357
3358
3358
3359
3359
3360
3360
3361
3361
3362
3362
3363
3363
3364
3364
3365
3365
3366
3367
3367
3368
3368
3369
3369
3370
3371
3371
3372
3373
3373
3374
3374
3375
3376
3377
3377
3378
3378
3380
3381
3382
3382
3383
3384
3384
3385
3385
3386
3386
3387
3387
3388
3388
3390
3390
3391
3391
3392
3392
3393
3393
3394
3394
3395
3395
3396
3396
3397
3397
3398
3398
3399
3399
3400
3400
3401
3401
3402
3402
3403
3403
3404
3404
3405
3405
3406
3406
