3.000000000000000076e-05 1.129999999999999893e+00 0.000000000000000000e+00
3.122758531203375992e-04 1.128133347056188285e+00 -1.874431340617988828e-01
1.163556563060633760e-03 1.126292498818233678e+00 -3.749841084461910112e-01
1.860999878047139237e-03 1.124605591336274246e+00 -5.624942158093756417e-01
-4.187191700498640867e-02 1.121508861980868188e+00 -7.553923766975274567e-01
-1.912632564098881022e-02 1.121568936093903179e+00 -9.400813547757964628e-01
3.372870934500032947e-03 1.115800024381698563e+00 -1.124610511251390443e+00
3.243955535929357505e-03 1.110944814104344536e+00 -1.311976678111957062e+00
1.312973035665820631e-01 1.099636279451832399e+00 -1.464720581844865865e+00
2.640651247855695938e-01 1.089270974020980276e+00 -1.618524684020081983e+00
-1.251152094903728584e-01 1.104935929153262331e+00 -1.464658443024787760e+00
-3.286563960398704021e-01 1.087564422267640385e+00 -1.630524084140624552e+00
