0 106.66666666666667 53606.16599614355
0 213.33333333333334 55224.579136224536
0 320.0 56760.25205960967
0 426.6666666666667 58136.294813569984
0 533.3333333333334 59345.12505583446
0 640.0 60406.94547073386
0 746.6666666666666 61346.785866149265
0 853.3333333333333 62186.8976562405
0 959.9999999999999 62945.30497445089
0 1066.6666666666665 63636.20192985836
0 1173.3333333333333 64270.71817041315
0 1280.0 64857.62778663622
0 1386.6666666666667 65403.912796431774
0 1493.3333333333335 65915.1890874835
0 1600.0000000000002 66396.02334632556
1.0 1600.0000000000002 66396.02334727043
2.0 1600.714174028789 66396.02334635326
3.0 1602.8566329057585 66396.02334639274
4.0 1606.4270415722604 66396.02334641073
5.0 1611.4244343739679 66396.02334640738
6.0 1617.8468341649761 66396.02334638232
7.0 1625.691117809499 66396.02334149247
8.0 1634.953372089821 66396.02334626805
9.0 1645.6297910284834 66396.0233461783
10.0 1657.7179853789469 66396.02334606601
11.0 1671.218301344511 66396.02334593049
12.0 1686.134774887935 66396.02334577052
13.0 1702.4754566093973 66396.0233455842
14.0 1720.252063723357 66396.02334536967
15.0 1739.4790846019127 66396.02334512495
16.0 1760.172538181077 66396.02334484806
17.0 1782.3485884470429 66396.02334453733
18.0 1806.022188058113 66396.02334419203
19.0 1831.2058867794851 66396.02334381214
20.0 1857.9088451674588 66396.02334339851
21.0 1886.1361663070884 66396.02334295338
22.0 1915.888528345557 66396.0233424799
23.0 1947.1621088354507 66396.02334198223
24.0 1979.9487567729634 66396.02334146484
25.0 2014.2363506683823 66396.02334093372
26.0 2050.009359931709 66396.02334039411
27.0 2087.249255050373 66396.02333985189
28.0 2125.9351129929896 66396.02333931257
29.0 2166.0439382520285 66396.0233387813
30.0 2207.551303274744 66396.02333826252
31.0 2250.434008334368 66396.02333776274
32.0 2294.6641190339287 66396.02333728361
33.0 2340.215551781981 66396.02333682873
34.0 2387.062360330954 66396.02333639993
35.0 2435.1804343935532 66396.0233463527
36.0 2484.548429247274 66396.02334635382
37.0 2535.135528921564 66396.02334635478
38.0 2586.9168760135185 66396.02334635574
39.0 2639.867932784343 66396.0233463566
40.0 2693.966521184081 66396.0233463573
41.0 2749.190942938513 66396.0233463578
42.0 2805.519883526714 66396.02334635844
43.0 2862.932113805196 66396.023346359
44.0 2921.4093571521257 66396.02334635954
45.0 2980.9354066303263 66396.02334635967
46.0 3041.4933178369797 66396.02334635999
47.0 3103.059335146333 66396.0233463601
48.0 3165.618520863271 66396.02334636023
49.0 3229.1542397003623 66396.02334636025
50.0 3293.6477878533647 66396.02334636019
51.0 3359.08979651689 66396.0233463603
52.0 3425.4625309216435 66396.02334636003
53.0 3492.7507068058953 66396.02334635993
54.0 3560.9447550146047 66396.02334636013
55.0 3630.026986915114 66396.02334635955
56.0 3699.9803268241903 66396.02334635926
57.0 3770.7917072639366 66396.023346359
58.0 3842.447724006278 66396.02334635866
59.0 3914.934575292908 66396.02334635824
60.0 3988.2401508890093 66396.02334635775
61.0 4062.3517195657923 66396.02334635728
62.0 4137.25689020861 66396.02334635684
63.0 4212.943708621286 66396.02334635647
64.0 4289.402347099895 66396.02334635599
65.0 4366.619770218085 66396.02334635542
66.0 4444.584657655358 66396.02334635478
67.0 4523.286293409213 66396.0233463544
68.0 4602.713575836586 66396.02334635382
69.0 4682.8624122598385 66396.0233463532
70.0 4763.720318398066 66396.0233463527
71.0 4845.27359484863 66396.02334635203
72.0 4927.509234209661 66396.02333636988
73.0 5010.416033483488 66396.02333656579
74.0 5093.984740110488 66396.02333676428
75.0 5178.204763628511 66396.0233369607
76.0 5263.065283320027 66396.02333715942
77.0 5348.5553321627885 66396.02333735708
78.0 5434.6650635860615 66396.02333731661
79.0 5521.397204540563 66396.0233377743
80.0 5608.747484431113 66396.02333788626
81.0 5696.694290180524 66396.02333816276
82.0 5785.225240980787 66396.02333831979
83.0 5874.326458858765 66396.02333853886
84.0 5963.985388118147 66396.02333873218
85.0 6054.1915985771375 66396.02333891783
86.0 6144.935527050482 66396.0233391006
87.0 6236.209038125413 66396.02333928212
88.0 6328.005224091726 66396.023339463
89.0 6420.313653868987 66396.02333963914
90.0 6513.122562712464 66396.02333973185
91.0 6606.425318205299 66396.02333953319
92.0 6700.203982673052 66396.02334014789
93.0 6794.4466040222 66396.02334016151
94.0 6889.152448999557 66396.02334037243
95.0 6984.309256070818 66396.02334063544
96.0 7079.900334386349 66396.02334079226
97.0 7175.913878633244 66396.0233409463
98.0 7272.3433635535885 66396.02334109886
99.0 7369.175648093606 66396.02334124336
100.0 7466.3991189337685 66396.0233413908
101.0 7564.001793848209 66396.02334152596
102.0 7661.973656526766 66396.02334166282
103.0 7760.3034917494515 66396.02334181103
104.0 7858.981870989342 66396.02334186365
105.0 7957.997493190729 66396.02334181144
106.0 8057.34643681207 66396.02334077585
107.0 8157.032159370601 66396.02334234504
108.0 8257.021129231398 66396.02334246664
109.0 8357.303965777593 66396.02334258312
110.0 8457.864751963905 66396.02334270203
111.0 8558.691417659289 66396.02334282386
112.0 8659.76836899244 66396.02334290695
113.0 8761.093065601088 66396.02334303365
114.0 8862.657069612056 66396.02334313621
115.0 8964.444910445778 66396.02334323742
116.0 9066.445133585225 66396.02334332785
117.0 9168.638761432436 66396.02334343357
118.0 9271.021377869112 66396.02334352356
119.0 9373.5814869457 66396.02334385796
120.0 9476.288618366416 66396.02334331187
121.0 9579.150539611703 66396.02334357213
122.0 9682.15625226878 66396.02334386096
123.0 9785.294923953188 66396.02334395752
124.0 9888.553672359943 66396.02334399297
125.0 9991.932644412223 66396.02334411733
126.0 10095.413801182809 66396.0233441933
127.0 10198.97768773951 66396.02334427233
128.0 10302.595554292326 66396.02334438576
129.0 10406.276477499961 66396.02334440098
130.0 10510.030242182249 66396.02334447532
131.0 10613.822506805616 66396.02334454135
132.0 10717.641860941323 66396.02334460581
133.0 10821.478244972206 66396.02334460066
134.0 10925.31746723408 66396.02334446114
135.0 11029.14812027225 66396.02334467914
136.0 11132.974838948028 66396.02334402759
137.0 11236.783926219317 66396.0233448927
138.0 11340.549933834358 66396.02334496079
139.0 11444.261420580997 66396.0233450124
140.0 11547.908965464072 66396.023344911
141.0 11651.500519621593 66396.02334511507
142.0 11755.00075685043 66396.0233451617
143.0 11858.398672616762 66396.02334520785
144.0 11961.681728273361 66396.02334525101
145.0 12064.840448887704 66396.0233452931
146.0 12167.860930093027 66396.02334533478
147.0 12270.731181996312 66396.02334537441
148.0 12373.439368841162 66396.02334541288
149.0 12475.973633293168 66396.02334544771
150.0 12578.323061740772 66396.0233454852
151.0 12680.47614126148 66396.02334552132
152.0 12782.421581894876 66396.02334555467
153.0 12884.146299432801 66396.02334558153
154.0 12985.640208497769 66396.0233456193
155.0 13086.889849221285 66396.02334564854
156.0 13187.883844746584 66396.02334567331
157.0 13288.610640823743 66396.0233457009
158.0 13389.061545096964 66396.0233457338
159.0 13489.223002702747 66396.02334576196
160.0 13589.081927338071 66396.02334578773
161.0 13688.627070480428 66396.02334581273
162.0 13787.847213175073 66396.02334584531
163.0 13886.7290318297 66396.02334586099
164.0 13985.26218554714 66396.02334588213
165.0 14083.435387746857 66396.023345904
166.0 14181.237325471106 66396.02334592506
167.0 14278.656735769451 66396.02334594577
168.0 14375.68037023526 66396.02334596912
169.0 14472.294783576892 66396.02334598322
170.0 14568.491920751145 66396.02334600233
171.0 14664.261709282162 66396.02334601831
172.0 14759.595813420263 66396.02334603845
173.0 14854.480614471755 66396.02334605526
174.0 14948.904358450509 66396.02334608187
175.0 15042.854123656165 66396.02334609027
176.0 15136.320301533751 66396.0233461104
177.0 15229.292256830151 66396.02334613785
178.0 15321.7573069571 66396.02334614203
179.0 15413.704190497672 66396.02334614919
180.0 15504.960133120638 66395.80292974712
181.0 15595.540640273959 66395.40261017793
182.0 15685.532397935283 66394.93625006138
183.0 15774.948198372664 66394.44442102735
184.0 15863.783109026952 66393.94163106129
185.0 15952.030508947913 66393.43310292739
186.0 16039.682659759686 66392.92074256181
187.0 16126.733999095479 66392.40527225424
188.0 16213.168449670298 66391.88698689632
189.0 16298.975740577715 66391.36604973178
190.0 16384.145827442655 66390.84256582969
191.0 16468.66862266806 66390.31661931606
192.0 16552.533717348266 66389.78829502607
193.0 16635.730949220993 66389.25764720199
194.0 16718.250309480867 66388.72476398144
195.0 16800.081786942836 66388.18971978725
196.0 16881.217616539623 66387.65260348734
197.0 16961.64534596734 66387.11346255848
198.0 17041.355808080334 66386.57238442129
199.0 17120.33973584395 66386.0294444517
200.0 17198.58643710577 66385.48471732062
201.0 17276.085787278305 66384.93828057147
202.0 17352.82892164253 66384.39021196094
203.0 17428.806245235064 66383.84058710637
204.0 17504.008263414224 66383.28948257823
205.0 17578.42553140336 66382.73697537248
206.0 17652.048723516044 66382.18314281454
207.0 17724.868817639435 66381.62806238308
208.0 17796.881305216222 66381.0718112876
209.0 17868.072972710204 66380.51445783651
210.0 17938.433487504775 66379.95608473435
211.0 18007.953721213133 66379.39677444535
212.0 18076.624417026313 66378.83660724096
213.0 18144.43695170563 66378.27566312742
214.0 18211.382352869263 66377.71402102438
215.0 18277.451774584497 66377.15176040419
216.0 18342.636518924628 66376.58896093993
217.0 18406.927815199386 66376.02570233417
218.0 18470.31704138868 66375.46206469003
219.0 18532.795693663036 66374.89812820608
220.0 18594.355380907815 66374.33397312192
221.0 18654.98861873288 66373.7696797524
222.0 18714.687598231234 66373.20532672718
223.0 18773.45223556772 66372.64099325256
224.0 18831.292144571813 66372.07674262297
225.0 18888.172511128225 66371.51261424637
226.0 18944.084942071895 66370.94872662285
227.0 18999.021064540866 66370.38517517917
228.0 19052.972389888324 66369.8220470366
229.0 19105.930800145663 66369.25942696934
230.0 19157.887983132572 66368.6973983885
231.0 19208.835239294574 66368.13604479446
232.0 19258.76754079579 66367.57545073517
233.0 19307.67760978356 66367.0156940512
234.0 19355.55834588745 66366.45685476631
235.0 19402.402698243943 66365.89901355014
236.0 19448.20466197367 66365.34225137829
237.0 19492.959407856208 66364.78664738314
238.0 19536.65721893045 66364.23227786602
239.0 19579.29391890556 66363.6792279403
240.0 19620.86103369356 66363.12757532293
241.0 19661.344046187896 66362.5774036096
242.0 19700.741609931843 66362.02881048064
243.0 19739.051310028535 66361.48187318712
244.0 19776.267245557294 66360.93666368698
245.0 19812.388228400716 66360.3932588553
246.0 19847.40715025041 66359.85172834592
247.0 19881.31562230775 66359.31215079859
248.0 19914.107015503512 66358.77461096166
249.0 19945.77569794008 66358.23919233585
250.0 19976.31501038415 66357.70597633529
251.0 20005.722338978747 66357.17504553132
252.0 20033.995242990215 66356.64647522656
253.0 20061.12942485678 66356.12033772937
254.0 20087.120757216093 66355.5967079972
255.0 20111.965241453665 66355.07566168573
256.0 20135.659058747304 66354.5572745181
257.0 20158.19850593493 66354.04162195693
258.0 20179.580067036077 66353.5287791993
259.0 20199.8006306557 66353.01882104095
260.0 20218.857112204776 66352.51182137964
261.0 20236.746574231056 66352.00785377827
262.0 20253.466323333047 66351.50699142487
263.0 20269.013847759263 66351.00930692266
264.0 20283.386781672856 66350.51487232628
265.0 20296.582933280923 66350.02375922468
266.0 20308.600313751635 66349.53603870592
267.0 20319.437118788705 66349.05178128212
268.0 20329.091728916243 66348.57105689237
269.0 20337.562709703947 66348.09393489642
270.0 20344.848811945747 66347.62048406589
271.0 20350.94897179659 66347.15077257402
272.0 20355.862304570976 66346.68486798622
273.0 20359.588123913967 66346.22283726098
274.0 20362.125924315435 66345.76474670775
275.0 20363.475375714635 66345.31065351603
276.0 20363.636365901508 66344.86064713642
277.0 20362.60892924768 66344.41477617367
278.0 20360.393286255112 66343.9730899068
279.0 20356.9898776974 66343.53567221606
280.0 20352.39930289457 66343.10257882529
281.0 20346.622343840114 66342.67387137185
282.0 20339.659982965735 66342.24961080322
283.0 20331.513381737164 66341.82985732645
284.0 20322.183885746523 66341.41467042574
285.0 20311.673025042295 66341.00410885207
286.0 20299.982513848616 66340.59823061299
287.0 20287.11425024018 66340.19709296375
288.0 20273.070315766974 66339.8007523976
289.0 20257.852975023103 66339.40926463743
290.0 20241.464673267623 66339.02268462793
291.0 20223.908080444595 66338.64106653132
292.0 20205.18594262415 66338.26446362853
293.0 20185.301275592763 66337.89292857937
294.0 20164.257247420577 66337.52651312195
295.0 20142.057156583473 66337.16526819495
296.0 20118.70439464489 66336.80924400667
297.0 20094.2028451174 66336.4584901515
298.0 20068.55639921267 66336.1130548362
299.0 20041.769135352242 66335.77298556048
300.0 20013.8452480861 66335.43832899605
301.0 19984.78913492042 66335.10913108391
302.0 19286.432281495327 66334.78543773202
303.0 18618.95076026563 66334.78543771438
304.0 17980.407591803338 66334.78543767022
305.0 17368.559642824286 66334.7854376452
306.0 16781.769807848967 66334.78543763112
307.0 16218.585342325248 66334.78543761474
308.0 15677.751657571118 66334.78543761015
309.0 15158.193909731173 66334.78543760633
310.0 14658.792627655632 66334.78543760502
311.0 14178.625007483452 66334.78543760492
312.0 13716.804935792967 66334.78543760581
313.0 13272.551218102768 66334.78543760988
314.0 12845.139581713149 66334.78543760913
315.0 12433.85427031947 66334.7854376108
316.0 12038.024929376183 66334.7854376163
317.0 11657.01675925948 66334.785437618
318.0 11290.272783169836 66334.78543761888
319.0 10937.224835835324 66334.78543763165
320.0 10597.367690719855 66334.78543762346
321.0 10270.105327746352 66334.78543762548
322.0 9954.915696584318 66334.7854376265
323.0 9651.340722278546 66334.78543762889
324.0 9358.919177822807 66334.78543763189
325.0 9077.158152202119 66334.78543763184
326.0 8805.674536692257 66334.7854376335
327.0 8544.093520853425 66334.78543763462
328.0 8292.013539682677 66334.78543763852
329.0 8049.08335311928 66334.7854376381
330.0 7815.001560210243 66334.78543763893
331.0 7589.421872734762 66334.78543764031
332.0 7371.98768778633 66334.78543764047
333.0 7162.390031244744 66334.78543764104
334.0 6960.341513627759 66334.78543764136
335.0 6765.555099095128 66334.78543764436
336.0 6577.771514129368 66334.78543764159
337.0 6396.7122758090745 66334.78543764158
338.0 6222.141974464758 66334.78543764132
339.0 6053.814884650319 66334.78543764103
340.0 5891.483643019274 66334.78543764043
341.0 5734.921861568919 66334.78543763972
342.0 5583.92515125292 66334.78543764059
343.0 5438.3026577517085 66334.78543764298
344.0 5297.885977667789 66334.7854376373
345.0 5162.435875144133 66334.7854376361
346.0 5031.772370784355 66334.7854376348
347.0 4905.723972218743 66334.78543763331
348.0 4784.121605492862 66334.78543763176
349.0 4666.80826381971 66334.78543763017
350.0 4553.639291718205 66334.78543762851
351.0 4444.464865440894 66334.78543762659
352.0 4339.134951022246 66334.7854376248
353.0 4237.513145524954 66334.78543762278
354.0 4139.469522300591 66334.78543762075
355.0 4044.8783872522017 66334.78543761863
356.0 3953.617918910175 66334.78543761655
357.0 3865.5730065370153 66334.78543761428
358.0 3780.631646323956 66334.78543761215
359.0 3698.687781234054 66334.78543760983
360.0 3619.6383839989076 66334.78543760748
361.0 3543.383930901996 66334.78543760526
362.0 3469.8318636946424 66334.7854376031
363.0 3398.8945383505743 66334.78543760077
364.0 3330.47675240244 66334.78543759829
365.0 3264.4948964098376 66334.78543759599
366.0 3200.866750800125 66334.78543759386
367.0 3139.508022468701 66334.78543759146
368.0 3080.344294604215 66334.78543758931
369.0 3023.3014805985686 66334.78543758707
370.0 2968.3064404514826 66334.78543758497
371.0 2915.294769050895 66334.78543758286
372.0 2864.1995431160185 66334.7854375807
373.0 2814.9553061152524 66334.78543757868
374.0 2767.4981024420804 66334.78543757672
375.0 2721.7685200494298 66334.78543757468
376.0 2677.7093047669423 66334.7854375728
377.0 2635.264671230565 66334.78543757099
378.0 2594.380628335965 66334.78543756926
379.0 2555.0050843476433 66334.78543756752
380.0 2517.0871210690016 66334.78543756579
381.0 2480.5791019497783 66334.78543756418
382.0 2445.4337107557135 66334.78542767763
383.0 2411.605568296039 66334.78542820593
384.0 2379.054480686299 66334.78542875093
385.0 2347.7340460304076 66334.7854292554
386.0 2317.601542911514 66334.78542973805
387.0 2288.616830278689 66334.78543019971
388.0 2260.740549291855 66334.78543064054
389.0 2233.9345771573703 66334.7854310607
390.0 2208.161976645145 66334.78543146072
391.0 2183.3873206806757 66334.78543184091
392.0 2159.576033380372 66334.7854322017
393.0 2136.693469561877 66334.78543254353
394.0 2114.7067021114926 66334.7854328666
395.0 2093.583796456591 66334.78543317158
396.0 2073.2936612748576 66334.78543345918
397.0 2053.8061444704226 66334.78543373001
398.0 2035.0919323374394 66334.78543398467
399.0 2017.122460203651 66334.7854342237
400.0 1999.8701427892638 66334.78543444793
401.0 1983.3080728512107 66334.78543465807
402.0 1967.4101945493035 66334.78543485445
403.0 1952.151242291704 66334.7854350381
404.0 1937.5067207719094 66334.7854352094
405.0 1923.452892956327 66334.78543536934
406.0 1909.9667686784537 66334.78543551828
407.0 1897.026093667207 66334.78543565708
408.0 1884.6093388370696 66334.78543578606
409.0 1872.6956896738038 66334.785435906
410.0 1861.2650355574303 66334.78543601753
411.0 1850.2979588785204 66334.7854361211
412.0 1839.7757238206918 66334.78543621724
413.0 1829.6802647032853 66334.78543630647
414.0 1819.9941738018774 66334.78543638934
415.0 1810.7006885880435 66334.78543646606
416.0 1801.78367835652 66334.78543653725
417.0 1793.2276302297141 66334.7854366033
418.0 1785.0176345537704 66334.78543666459
419.0 1777.139369718765 66334.78543672153
420.0 1769.579086452823 66334.78543677415
421.0 1762.3235916533429 66334.78543682315
422.0 1755.3602288389093 66334.78543686861
423.0 1748.6768701846859 66334.78543691077
424.0 1742.2618907348194 66334.78543694987
425.0 1736.104153796959 66334.78543698619
426.0 1730.1929937868472 66334.7854370201
427.0 1724.5181989520647 66334.78543705153
428.0 1719.0699941928897 66334.78543708078
429.0 1713.839024050845 66334.7854371081
430.0 1708.816335928531 66334.78543713348
431.0 1703.9933635987832 66334.78543715713
432.0 1699.36191105312 66334.78543717915
433.0 1694.9141367335353 66334.7854371999
434.0 1690.6425381841325 66334.78543721902
435.0 1686.539937153738 66334.785437237
436.0 1682.599465172984 66334.78543725378
437.0 1678.8145496254435 66334.78543726946
438.0 1675.1789003256806 66334.78543728415
439.0 1671.6864966129972 66334.78543729798
440.0 1668.3315749651151 66334.78543731096
441.0 1665.108617131959 66334.78543732293
442.0 1662.0123387867923 66334.78543733437
443.0 1659.0376786874685 66334.78543734517
444.0 1656.1797883399838 66334.78543735505
445.0 1653.434022152125 66334.7854373645
446.0 1650.7959280642995 66334.78543737337
447.0 1648.2612386426968 66334.78543738178
448.0 1645.825862618447 66334.78543738957
449.0 1643.4858768558302 66334.78543739699
450.0 1641.2375187312073 66334.785437404
451.0 1639.0771789047765 66334.78543741061
452.0 1637.0013944661655 66334.78543741681
453.0 1635.0068424353276 66334.78543742263
454.0 1633.0903336001206 66334.78543742826
455.0 1631.2488066724477 66334.7854374334
456.0 1629.4793227451491 66334.78543743833
457.0 1627.779060032221 66334.78543744313
458.0 1626.145308876004 66334.78543744751
459.0 1624.5754670054368 66334.78543745173
460.0 1623.0670350298894 66334.78543745575
461.0 1621.6176121548053 66334.7854374595
462.0 1620.2248921050996 66334.78543746314
463.0 1618.8866592438985 66334.78543746643
464.0 1617.6007848747468 66334.78543746973
465.0 1616.365223715865 66334.78543747285
466.0 1615.1780105364276 66334.78543747567
467.0 1614.0372569452225 66334.78543747844
468.0 1612.941148322378 66334.78543748107
469.0 1611.8879408865018 66334.7854374835
470.0 1610.8759588891057 66334.78543748599
471.0 1609.9035919293271 66334.78543748813
472.0 1608.969292382701 66334.78543749037
473.0 1608.0715729374479 66334.78543749245
474.0 1607.2090042331408 66334.78543749433
475.0 1606.3802125962563 66334.78543749612
476.0 1605.58387786796 66334.78543749802
477.0 1604.8187313193307 66334.78543749961
478.0 1604.0835536506654 66334.78543750127
479.0 1603.3771730698393 66334.78543750271
480.0 1602.6984634472212 66334.78543750422
481.0 1602.0463425428989 66334.78543750559
482.0 1601.419770303679 66334.78543750686
483.0 1600.817747226451 66334.78543750818
484.0 1600.2393127852129 66334.78543750933
485.0 1599.6835439194545 66334.78543751055
486.0 1599.1495535806919 66334.7854375116
487.0 1598.6364893355578 66334.78543751276
488.0 1598.1435320226178 66334.78543751374
489.0 1597.6698944610907 66334.78543751471
490.0 1597.2148224358652 66334.78544732278
491.0 1596.7775845047652 66334.78544691605
492.0 1596.3574844923523 66334.7854465272
493.0 1595.9538511936425 66334.78544615507
494.0 1595.5660396367034 66334.78544579903
495.0 1595.193430062241 66334.78544545844
496.0 1594.8354269427323 66334.78544513238
497.0 1594.491458039311 66334.7854448204
498.0 1594.1609734949873 66334.78544452168
499.0 1593.8434449627803 66334.7854442356
500.0 1593.53836476775 66334.7854439618
501.0 1593.2452451009826 66334.78544369969
502.0 1592.9636172450591 66334.78544344836
503.0 1592.6930308294775 66334.78544320779
504.0 1592.433053114515 66334.78544297726
505.0 1592.1832683033085 66334.78544275637
506.0 1591.9432768802335 66334.78544254473
507.0 1591.712694975133 66334.78544234214
508.0 1591.4911537519542 66334.78544214761
509.0 1591.278298821615 66334.78544196142
510.0 1591.073789677016 66334.7854417829
511.0 1590.8772991505498 66334.78544161176
512.0 1590.6885128924139 66334.78544144772
513.0 1590.5071288693814 66334.7854412905
514.0 1590.332856882948 66334.78544113958
515.0 1590.1654181063316 66334.78544099494
516.0 1590.0045446394238 66334.7854408561
517.0 1589.8499790812784 66334.78544072308
518.0 1589.701474119011 66334.78544059544
519.0 1589.5587921329145 66334.78544047312
520.0 1589.4217048169633 66334.78544035577
521.0 1589.2899928139964 66334.78544024302
522.0 1589.1634453654 66334.78544013493
523.0 1589.0418599743043 66334.78544003135
524.0 1588.9250420817882 66334.78543993198
525.0 1588.8128047561065 66334.78543983643
526.0 1588.7049683938474 66334.7854397449
527.0 1588.6013604327306 66334.78543965692
528.0 1588.5018150757826 66334.78543957268
529.0 1588.4061730261267 66334.78543949171
530.0 1588.3142812323879 66334.78543941399
531.0 1588.225992643898 66334.78543933951
532.0 1588.1411659753699 66334.78543926796
533.0 1588.0596654811218 66334.78543919932
534.0 1587.9813607377912 66334.7854391333
535.0 1587.9061264358797 66334.78543907001
536.0 1587.8338421790997 66334.78543900928
537.0 1587.7643922918571 66334.78543895089
538.0 1587.697665634272 66334.78543889495
539.0 1587.6335554242314 66334.78543884118
540.0 1587.5719590666326 66334.7854387896
541.0 1587.5127779891927 66334.78543874007
542.0 1587.4559174847452 66334.7854386925
543.0 1587.4012865597172 66334.78543864682
544.0 1587.3487977884645 66334.78543860298
545.0 1587.2983671734844 66334.7854385608
546.0 1587.2499140109426 66334.78543852032
547.0 1587.2033607614853 66334.78543848146
548.0 1587.1586329262661 66334.7854384442
549.0 1587.1156589276738 66334.78543840839
550.0 1587.0743699947575 66334.7854383741
551.0 1587.0347000532233 66334.7854383411
552.0 1586.9965856196911 66334.78543830937
553.0 1586.9599657000963 66334.78543827898
554.0 1586.9247816920351 66334.78543824967
555.0 1586.8909772911065 66334.78543822163
556.0 1586.8584984006452 66334.78543819448
557.0 1586.8272930452936 66334.78543816868
558.0 1586.7973112876896 66334.7854381437
559.0 1586.7685051486847 66334.78543811975
560.0 1586.740828530474 66334.78543809688
561.0 1586.7142371428188 66334.78543807488
562.0 1586.6886884321793 66334.78543805363
563.0 1586.6641415136805 66334.78543803323
564.0 1586.6405571056139 66334.78543801374
565.0 1586.6178974665531 66334.7854379949
566.0 1586.5961263350498 66334.785437977
567.0 1586.575208871438 66334.78543795965
568.0 1586.5551116022807 66334.78543794295
569.0 1586.5358023666643 66334.785437927
570.0 1586.5172502647451 66334.78543791168
571.0 1586.4994256083116 66334.78543789692
572.0 1586.4822998733464 66334.78543788269
573.0 1586.4658456542547 66334.78543786918
574.0 1586.4500366200539 66334.78543785597
575.0 1586.4348474723267 66334.78543784362
576.0 1586.4202539045052 66334.78543783141
577.0 1586.4062325632608 66334.78543781981
578.0 1586.3927610109686 66334.78543780875
579.0 1586.3798176897049 66334.78543779801
580.0 1586.3673818870013 66334.78543778781
581.0 1586.355433702484 66334.78543777793
582.0 1586.343954016114 66334.7854377685
583.0 1586.3329244575975 66334.78543775927
584.0 1586.32232737698 66334.78543775066
585.0 1586.3121458163118 66334.78543774225
586.0 1586.3023634826327 66334.78543773407
587.0 1586.2929647219298 66334.78543772639
588.0 1586.2839344938382 66334.78543771882
589.0 1586.2752583479407 66334.78543771178
590.0 1586.2669224002725 66334.78543770482
591.0 1586.258913311358 66334.78543769833
592.0 1586.2512182647674 66334.78543769196
593.0 1586.243824946597 66334.78543768579
594.0 1586.236721525849 66334.78543768002
595.0 1586.229896635342 66334.78543767435
596.0 1586.2233393537217 66334.785437669
597.0 1586.2170391877223 66334.78543766377
598.0 1586.2109860557186 66334.78543765882
599.0 1586.2051702712442 66334.785437654
600.0 1586.1995825277202 66334.78543764935
601.0 1586.1942138834809 66334.78543764495
602.0 1586.1890557474483 66334.7854376407
603.0 1586.1840998654359 66334.78543763662
604.0 1586.1793383069285 66334.78543763277
605.0 1586.1747634523147 66334.78543762898
606.0 1586.1703679807956 66334.78543762531
607.0 1586.166144858636 66334.78543762185
608.0 1586.1620873278998 66334.7854376185
609.0 1586.1581888955754 66334.78543761528
610.0 1586.15444332332 66334.7854376121
611.0 1586.1508446174241 66334.78543760932
612.0 1586.1473870190528 66334.7854376063
613.0 1586.1440649953754 66334.78543760363
614.0 1586.1408732303516 66334.78543760104
615.0 1586.1378066164632 66334.78543759845
616.0 1586.1348602464561 66334.78543759609
617.0 1586.1320294054701 66334.7854375937
618.0 1586.1293095635074 66334.78543759143
619.0 1586.1266963683058 66334.78543758945
620.0 1586.1241856380682 66334.78543758727
621.0 1586.1217733551307 66334.78543758528
622.0 1586.119455659303 66334.78543758346
623.0 1586.1172288417442 66334.78543758145
624.0 1586.1150893390925 66334.78543757983
625.0 1586.1130337276313 66334.78543757807
626.0 1586.1110587179496 66334.78543757643
627.0 1586.1091611495929 66334.78543757481
628.0 1586.107337986028 66334.78543757329
629.0 1586.105586309841 66334.78543757192
630.0 1586.103903317926 66334.78543757061
631.0 1586.1022863171427 66334.78543756927
632.0 1586.100732719898 66334.78543756792
633.0 1586.0992400401387 66334.78543756674
634.0 1586.0978058892586 66334.7854375655
635.0 1586.0964279722768 66334.78543756441
636.0 1586.0951040842313 66334.78543756329
637.0 1586.0938321066403 66334.78543756227
638.0 1586.0926100040242 66334.78543756131
639.0 1586.0914358207992 66334.78543756041
640.0 1586.090307677955 66334.78543755933
641.0 1586.0892237702737 66334.78543755846
642.0 1586.08818013161 66334.78542771547
643.0 1586.0871796462804 66334.78542810066
644.0 1586.086218390537 66334.78542847055
645.0 1586.0852948262354 66334.78542882622
646.0 1586.0844074753963 66334.78542916769
647.0 1586.0835549181088 66334.78542949584
648.0 1586.082735790103 66334.78542981122
649.0 1586.0819487805645 66334.7854301142
650.0 1586.0811926301274 66334.78543040525
651.0 1586.0804661287907 66334.7854306849
652.0 1586.0797681139777 66334.78543095352
653.0 1586.0790974687363 66334.78543121176
654.0 1586.0784531198983 66334.78543145978
655.0 1586.0778340363124 66334.78543169795
656.0 1586.0772392273873 66334.785431927
657.0 1586.0766677412419 66334.78543214692
658.0 1586.076118663397 66334.78543235836
659.0 1586.0755911152203 66334.78543256137
660.0 1586.0750842524983 66334.78543275647
661.0 1586.0745972641566 66334.78543294386
662.0 1586.074129370911 66334.78543312405
663.0 1586.0736798240496 66334.78543329713
664.0 1586.0732479041285 66334.78543346318
665.0 1586.0728329200606 66334.78543362302
666.0 1586.0724342077513 66334.78543377644
667.0 1586.0720511291881 66334.78543392397
668.0 1586.0716830713304 66334.78543406553
669.0 1586.0713294452398 66334.78543420165
670.0 1586.0709896850444 66334.78543433252
671.0 1586.0706632470335 66334.7854344582
672.0 1586.0703496088438 66334.7854345788
673.0 1586.0700482685897 66334.78543469482
674.0 1586.0697587440175 66334.7854348062
675.0 1586.069480571909 66334.78543491324
676.0 1586.0692133070906 66334.78543501624
677.0 1586.0689565218543 66334.78543511499
678.0 1586.068709805322 66334.7854352099
679.0 1586.0684727626801 66334.78543530106
680.0 1586.068245014632 66334.78543538888
681.0 1586.068026196702 66334.7854354731
682.0 1586.0678159587417 66334.78543555396
683.0 1586.0676139643215 66334.78543563168
684.0 1586.0674198902484 66334.7854357065
685.0 1586.0672334259013 66334.78543577825
686.0 1586.067054272966 66334.78543584731
687.0 1586.066882144655 66334.78543591336
688.0 1586.066716765622 66334.78543597698
689.0 1586.0665578712137 66334.78543603815
690.0 1586.0664052071272 66334.78543609695
691.0 1586.0662585291043 66334.78543615341
692.0 1586.0661176023805 66334.78543620762
693.0 1586.0659822014825 66334.78543625977
694.0 1586.065852109743 66334.78543630982
695.0 1586.0657271189625 66334.78543635795
696.0 1586.0656070291486 66334.78543640419
697.0 1586.065491648109 66334.78543644854
698.0 1586.0653807912267 66334.78543649122
699.0 1586.06527428111 66334.78543653215
700.0 1586.0651719473276 66334.78543657159
701.0 1586.065073626094 66334.7854366093
702.0 1586.064979160105 66334.78543664573
703.0 1586.0648883981635 66334.78543668064
704.0 1586.0648011950836 66334.7854367143
705.0 1586.0647174112516 66334.78543674652
706.0 1586.0646369126348 66334.78543677746
707.0 1586.0645595704186 66334.78543680724
708.0 1586.0644852608273 66334.78543683587
709.0 1586.0644138649793 66334.7854368633
710.0 1586.0643452685892 66334.78543688972
711.0 1586.064279361901 66334.78543691515
712.0 1586.0642160394518 66334.78543693956
713.0 1586.0641551999172 66334.78543696295
714.0 1586.0640967459217 66334.78543698543
715.0 1586.0640405839354 66334.7854370069
716.0 1586.063986624115 66334.7854370278
717.0 1586.0639347800857 66334.78543704774
718.0 1586.0638849688787 66334.78543706692
719.0 1586.0638371107789 66334.7854370852
720.0 1586.0637911292652 66334.78543710303
721.0 1586.0637469506767 66334.78543711996
722.0 1586.063704504365 66334.78543713629
723.0 1586.063663722416 66334.7854371521
724.0 1586.0636245395383 66334.78543716707
725.0 1586.0635868930485 66334.78543718162
726.0 1586.063550722681 66334.78543719553
727.0 1586.0635159705835 66334.78543720889
728.0 1586.0634825811394 66334.78543722173
729.0 1586.063450500898 66334.78543723407
730.0 1586.0634196785804 66334.7854372461
731.0 1586.0633900647897 66334.78543725741
732.0 1586.0633616121822 66334.7854372683
733.0 1586.0633342752062 66334.78543727881
734.0 1586.0633080101325 66334.78543728888
735.0 1586.0632827749473 66334.78543729868
736.0 1586.0632585292012 66334.78543730793
737.0 1586.0632352341975 66334.78543731692
738.0 1586.0632128525715 66334.78543732554
739.0 1586.0631913485495 66334.78543733378
740.0 1586.0631706877396 66334.78543734192
741.0 1586.0631508369997 66334.78543734935
742.0 1586.0631317646528 66334.78543735677
743.0 1586.063113440146 66334.78543736384
744.0 1586.0630958341337 66334.78543737065
745.0 1586.0630789184634 66334.78543737702
746.0 1586.0630626660807 66334.78543738334
747.0 1586.0630470509727 66334.78543738942
748.0 1586.0630320481084 66334.78543739511
749.0 1586.063017633535 66334.78543740067
750.0 1586.063003784166 66334.78543740601
751.0 1586.0629904778507 66334.7854374112
752.0 1586.062977693258 66334.78543741611
753.0 1586.06296540997 66334.78543742087
754.0 1586.0629536083159 66334.78543742541
755.0 1586.0629422694146 66334.78543742976
756.0 1586.0629313751067 66334.78543743397
757.0 1586.0629209079532 66334.78543743794
758.0 1586.0629108512658 66334.78543744174
759.0 1586.0629011888789 66334.78543744553
760.0 1586.0628919053734 66334.78543744907
761.0 1586.062882985873 66334.78543745256
762.0 1586.0628744161202 66334.78543745581
763.0 1586.0628661823823 66334.78543745902
764.0 1586.0628582714828 66334.78543746198
765.0 1586.0628506707774 66334.78543746489
766.0 1586.0628433681309 66334.78543746781
767.0 1586.0628363518015 66334.78543747048
768.0 1586.0628296105829 66334.78543747304
769.0 1586.062823133706 66334.78543747561
770.0 1586.0628169107813 66334.78543747799
771.0 1586.0628109318527 66334.78543748026
772.0 1586.0628051873775 66334.78543748244
773.0 1586.0627996681335 66334.7854374846
774.0 1586.0627943653053 66334.78543748664
775.0 1586.0627892704217 66334.78543748864
776.0 1586.0627843752789 66334.78543749044
777.0 1586.0627796721064 66334.78543749225
778.0 1586.0627751533225 66334.785437494
779.0 1586.0627708117217 66334.78543749561
780.0 1586.0627666403934 66334.78543749731
781.0 1586.062762632589 66334.7854374988
782.0 1586.0627587819697 66334.78543750037
783.0 1586.062755082286 66334.78543750168
784.0 1586.0627515277183 66334.78543750322
785.0 1586.0627481125034 66334.78543750441
786.0 1586.0627448312116 66334.7854375057
787.0 1586.062741678556 66334.78543750693
788.0 1586.0627386495432 66334.78543750808
789.0 1586.0627357392666 66334.78543750913
790.0 1586.0627329431366 66334.78543751017
791.0 1586.062730256653 66334.78543751134
792.0 1586.0627276754774 66334.7854375123
793.0 1586.0627251955198 66334.78543751326
794.0 1586.0627228128185 66334.78543751429
795.0 1586.0627205235219 66334.78543751502
796.0 1586.0627205284322 66334.7854472381
797.0 1586.062718323999 66334.78544683689
798.0 1586.0627162107314 66334.78544647225
799.0 1586.0627141803204 66334.7854461219
800.0 1586.0627122295186 66334.78544578525
